24.212664,-99.387472,2026-05-26 01:30:03.924949504,1,5215,200,23
31.610063,-85.235305,2026-05-26 01:30:04.188420096,1,13888,175,27
31.641172,-85.243457,2026-05-26 01:30:04.246002432,1,14260,175,30
21.618072,-79.984961,2026-05-26 01:30:06.853884928,1,11471,245,34
15.019391,-93.398816,2026-05-26 01:30:25.56192000,1,9632,261,19
32.862,-83.035616,2026-05-26 01:30:49.204431104,1,7032,124,58
25.642525,-89.166297,2026-05-26 01:30:51.773208320,1,12946,223,16
36.320049,-80.797603,2026-05-26 01:30:52.662805504,1,10322,122,27
30.583665,-96.498628,2026-05-26 01:31:19.14790912,1,10107,255,23
26.038615,-88.0371,2026-05-26 01:31:19.352072704,1,10009,267,20
6.997842,110.056617,2026-05-26 01:30:19.305112064,2,14470,243,21
32.102111,123.502911,2026-05-26 01:30:26.590823424,2,11263,219,25
-32.785238,146.897971,2026-05-26 01:30:43.78409216,2,12112,211,23
-32.574699,146.28832,2026-05-26 01:31:11.319140096,2,3831,216,36
-32.638276,146.273035,2026-05-26 01:31:11.319168256,2,11027,147,23
31.896113,123.270634,2026-05-26 01:31:37.307613952,2,9944,212,20
21.930727,-80.008317,2026-05-26 01:30:06.853959168,3,11438,253,85
21.618794,-80.002929,2026-05-26 01:30:06.853886720,3,7546,216,71
21.653683,-79.984683,2026-05-26 01:30:07.3649792,3,3755,256,55
21.712307,-79.970032,2026-05-26 01:30:07.564310784,3,10133,269,38
49.461653,-87.56203,2026-05-26 01:30:09.481435648,3,9563,211,28
42.466621,-97.733506,2026-05-26 01:30:09.627837184,3,8195,84,72
42.460512,-97.779342,2026-05-26 01:30:09.627840768,3,6855,104,61
26.03294,-89.972848,2026-05-26 01:30:17.133444352,3,3821,269,21
40.745646,-102.976424,2026-05-26 01:30:17.148291840,3,11636,118,29
25.646487,-89.875273,2026-05-26 01:30:17.579638272,3,8838,225,69
25.612749,-89.980878,2026-05-26 01:30:17.721766656,3,12074,226,31
31.071739,-107.002822,2026-05-26 01:30:18.800998144,3,14588,222,34
34.132399,-103.61262,2026-05-26 01:30:22.271486976,3,12044,128,26
26.957646,-86.250904,2026-05-26 01:30:23.712080128,3,7177,256,19
14.964991,-93.396509,2026-05-26 01:30:25.56179712,3,5576,260,24
15.000066,-92.799459,2026-05-26 01:30:25.687026432,3,5850,269,28
25.386657,-86.449315,2026-05-26 01:30:32.955669248,3,14490,221,26
25.724826,-86.412918,2026-05-26 01:30:32.971310848,3,9640,268,27
36.337903,-80.484502,2026-05-26 01:30:34.863166464,3,9544,80,55
36.351986,-80.509125,2026-05-26 01:30:34.863174400,3,4410,165,56
36.409712,-80.48973,2026-05-26 01:30:34.863188992,3,12959,124,44
36.400158,-80.497667,2026-05-26 01:30:34.863233024,3,9335,227,28
36.418867,-80.633505,2026-05-26 01:30:34.888236032,3,8849,211,20
36.335907,-80.4869,2026-05-26 01:30:34.982155520,3,11250,135,22
36.387014,-80.497878,2026-05-26 01:30:34.982226688,3,9549,192,18
27.208987,-86.118199,2026-05-26 01:30:35.624132096,3,8021,257,19
25.576286,-89.951517,2026-05-26 01:30:35.825560064,3,4025,230,19
25.582118,-89.954146,2026-05-26 01:30:35.892445696,3,10710,231,26
26.264586,-86.421788,2026-05-26 01:30:37.496052224,3,5299,261,23
26.346742,-86.448027,2026-05-26 01:30:37.817466880,3,8051,214,22
26.290168,-86.507656,2026-05-26 01:30:38.60273920,3,5373,215,29
47.357091,-91.32756,2026-05-26 01:30:38.174202880,3,6596,124,27
18.03988,-92.372982,2026-05-26 01:30:39.482259200,3,3489,246,37
25.572876,-89.937466,2026-05-26 01:30:40.173507584,3,12787,231,23
31.418,-93.55061,2026-05-26 01:30:40.187291648,3,9595,238,35
31.293118,-93.680535,2026-05-26 01:30:40.187237888,3,7066,255,22
28.398981,-85.96157,2026-05-26 01:30:40.289730048,3,4517,249,70
25.608623,-89.950342,2026-05-26 01:30:40.313723136,3,3722,231,30
28.395984,-85.953304,2026-05-26 01:30:40.574494464,3,4399,249,35
28.432265,-85.904976,2026-05-26 01:30:40.639449600,3,12097,178,31
15.124266,-93.415839,2026-05-26 01:30:48.198166272,3,10509,269,33
32.857482,-83.032909,2026-05-26 01:30:49.204433664,3,7876,75,79
32.912228,-83.020295,2026-05-26 01:30:49.204452608,3,10872,221,51
32.863056,-83.091831,2026-05-26 01:30:49.204476672,3,3506,175,32
32.917558,-83.031061,2026-05-26 01:30:49.204501248,3,5763,198,19
25.733446,-86.401561,2026-05-26 01:30:49.922888960,3,7640,264,19
34.163451,-103.459492,2026-05-26 01:30:50.650421248,3,8784,188,27
34.091453,-103.504994,2026-05-26 01:30:50.731911424,3,12780,193,25
26.932471,-86.297894,2026-05-26 01:30:51.679799552,3,6063,193,30
25.662238,-89.185008,2026-05-26 01:30:51.773217536,3,4825,223,29
36.30893,-80.679119,2026-05-26 01:30:52.662762752,3,7070,167,61
36.197909,-80.821758,2026-05-26 01:30:52.662769408,3,6900,265,41
36.359348,-80.697896,2026-05-26 01:30:52.662832128,3,5013,248,28
26.308893,-88.689219,2026-05-26 01:30:52.692099840,3,4610,264,31
26.309823,-88.685024,2026-05-26 01:30:52.740465920,3,5011,264,21
26.215034,-88.721721,2026-05-26 01:30:52.794273536,3,7247,256,41
36.307743,-80.670628,2026-05-26 01:30:52.813192960,3,5109,203,28
42.785272,-105.726394,2026-05-26 01:31:02.63383040,3,13496,161,22
40.844084,-102.964909,2026-05-26 01:31:03.968988928,3,11180,117,36
40.848901,-102.933132,2026-05-26 01:31:03.969035520,3,6762,157,23
33.79832,-104.137711,2026-05-26 01:31:04.51384064,3,9897,196,24
33.752068,-104.206537,2026-05-26 01:31:04.160646400,3,8702,173,27
27.06402,-86.169249,2026-05-26 01:31:06.82832896,3,12769,224,62
26.016938,-88.028455,2026-05-26 01:31:13.543407872,3,7561,258,29
25.65727,-88.211955,2026-05-26 01:31:13.656954880,3,5391,268,35
25.638741,-89.867582,2026-05-26 01:31:13.758685696,3,7049,168,97
25.603738,-89.977039,2026-05-26 01:31:13.899635712,3,4870,226,37
25.637371,-89.872115,2026-05-26 01:31:14.555218176,3,7918,168,81
31.251723,-82.664357,2026-05-26 01:31:23.346507008,3,7624,226,39
12.518823,-120.961907,2026-05-26 01:31:40.26763520,3,9293,228,60
26.633531,-88.45512,2026-05-26 01:31:40.250909440,3,6205,269,20
25.231632,-89.263767,2026-05-26 01:31:41.253804288,3,10293,227,17
15.096892,-93.181857,2026-05-26 01:31:42.260318208,3,5616,269,23
15.083425,-93.203267,2026-05-26 01:31:42.375819264,3,10734,269,34
25.673554,-86.41418,2026-05-26 01:31:43.950809600,3,3146,269,22
25.753418,-86.445357,2026-05-26 01:31:44.167968768,3,4145,266,42
26.369436,-88.674783,2026-05-26 01:31:44.601264384,3,4292,215,27
25.948851,-89.576136,2026-05-26 01:31:44.938580736,3,14232,228,14
31.231905,-82.691665,2026-05-26 01:31:45.261935360,3,7871,172,44
31.297709,-82.689476,2026-05-26 01:31:45.262017792,3,10000,241,31
25.734893,-89.842393,2026-05-26 01:31:45.872010752,3,6255,218,34
20.10075,-88.825534,2026-05-26 01:31:45.881684736,3,2934,231,34
40.764916,-103.088429,2026-05-26 01:31:46.652193024,3,13653,114,32
32.38249,-93.611864,2026-05-26 01:31:54.472698368,3,9190,136,84
32.494217,-93.553797,2026-05-26 01:31:54.472752384,3,8383,241,71
32.382728,-93.654488,2026-05-26 01:31:54.472741888,3,12254,224,59
32.102214,123.502759,2026-05-26 01:30:26.590826496,4,11259,217,26
31.896113,123.270634,2026-05-26 01:31:37.307613952,4,9944,212,20
25.561045,-89.9761,2026-05-26 01:30:00.134781184,7,8890,226,14
25.627915,-89.897933,2026-05-26 01:30:00.540886784,7,5437,267,17
28.576216,-86.13538,2026-05-26 01:30:02.268980736,7,4056,173,18
28.596532,-86.157882,2026-05-26 01:30:02.269030144,7,3749,193,18
28.415469,-86.324415,2026-05-26 01:30:02.298161664,7,3740,226,23
24.204683,-99.377616,2026-05-26 01:30:03.924952576,7,6581,199,17
14.944112,-93.208501,2026-05-26 01:30:06.64197120,7,10217,260,16
21.655594,-79.992995,2026-05-26 01:30:06.853899776,7,2967,255,30
17.837681,-92.324981,2026-05-26 01:30:08.553690368,7,8561,229,12
19.125679,-68.556609,2026-05-26 01:30:19.917394176,7,4387,260,12
14.948229,-93.40114,2026-05-26 01:30:25.56177152,7,6268,260,14
20.186055,-85.443118,2026-05-26 01:30:25.750579968,7,6365,262,21
25.71692,-89.855956,2026-05-26 01:30:29.903070208,7,6658,218,17
25.713308,-89.848564,2026-05-26 01:30:29.980729600,7,9740,224,15
25.767047,-89.739583,2026-05-26 01:30:30.172325888,7,7834,219,15
24.073259,-84.314494,2026-05-26 01:30:30.278482688,7,4013,243,27
24.860295,-89.359743,2026-05-26 01:30:31.99739136,7,9069,233,13
24.886569,-89.382842,2026-05-26 01:30:31.497229056,7,9755,233,17
26.893649,-86.159273,2026-05-26 01:30:35.624016640,7,10032,251,10
25.679516,-89.842493,2026-05-26 01:30:35.892502016,7,10900,266,10
28.173076,-86.236107,2026-05-26 01:30:40.289660160,7,2659,255,21
28.393027,-86.059357,2026-05-26 01:30:40.289760000,7,2547,264,14
25.57799,-89.951137,2026-05-26 01:30:40.313715968,7,6372,231,13
28.3999,-86.041259,2026-05-26 01:30:40.574531328,7,3201,264,15
29.795809,-86.031093,2026-05-26 01:30:41.243753216,7,3452,216,16
26.293092,-88.581456,2026-05-26 01:30:42.26384128,7,3153,184,18
26.214055,-88.542997,2026-05-26 01:30:42.148181760,7,6702,209,16
26.627411,-86.50815,2026-05-26 01:30:44.114481920,7,7128,199,12
26.707141,-86.512574,2026-05-26 01:30:44.114567680,7,7511,186,16
25.790287,-89.28992,2026-05-26 01:30:46.80584960,7,6030,149,26
25.822532,-89.388565,2026-05-26 01:30:46.180435712,7,3504,235,18
20.047832,-87.681398,2026-05-26 01:30:49.181527552,7,5647,268,17
25.642032,-89.962884,2026-05-26 01:30:50.333661184,7,5129,220,17
25.663094,-89.177681,2026-05-26 01:30:51.773215744,7,3271,223,14
26.380213,-88.596676,2026-05-26 01:30:52.692144128,7,9332,205,13
26.697931,-88.863544,2026-05-26 01:30:52.794395904,7,7452,257,17
19.96159,-85.606911,2026-05-26 01:30:52.995676928,7,1753,264,24
23.889452,-84.296232,2026-05-26 01:30:54.3485952,7,3178,240,20
26.00216,-89.881855,2026-05-26 01:30:59.462146560,7,5540,221,15
25.999123,-89.874471,2026-05-26 01:30:59.492779520,7,11059,221,11
25.477926,-89.189206,2026-05-26 01:30:59.541490432,7,9832,221,16
27.004861,-86.139599,2026-05-26 01:31:06.82815232,7,10617,189,28
26.876525,-85.931801,2026-05-26 01:31:06.82804480,7,6433,263,28
26.780642,-85.976035,2026-05-26 01:31:06.82797312,7,11894,217,17
25.472918,-88.978292,2026-05-26 01:31:17.662324992,7,8610,225,18
24.206518,-99.176959,2026-05-26 01:31:18.55764224,7,4581,196,18
26.913447,-82.131519,2026-05-26 01:31:18.561280768,7,14801,211,14
20.044171,-87.570873,2026-05-26 01:31:18.577889280,7,6113,237,24
26.391951,-87.891672,2026-05-26 01:31:19.352208640,7,6419,230,16
26.39725,-87.882853,2026-05-26 01:31:19.474104320,7,3402,207,16
21.16387,-88.906866,2026-05-26 01:31:21.189946368,7,3628,269,11
25.724919,-87.740712,2026-05-26 01:31:22.89771008,7,7549,235,21
25.654449,-89.872075,2026-05-26 01:31:27.627782400,7,3114,270,17
25.633746,-89.939228,2026-05-26 01:31:27.679296768,7,8587,222,14
21.796496,-80.018429,2026-05-26 01:31:27.832585728,7,5120,253,19
25.620898,-89.926684,2026-05-26 01:31:27.964588800,7,8564,224,11
22.700595,-100.823326,2026-05-26 01:31:29.292383744,7,7292,179,15
20.041112,-87.67231,2026-05-26 01:31:34.183532032,7,5726,268,20
20.032538,-87.669065,2026-05-26 01:31:34.684847616,7,7089,228,19
25.06583,-86.159691,2026-05-26 01:31:37.527131136,7,2788,197,22
26.280038,-86.504116,2026-05-26 01:31:38.852779264,7,3105,257,20
15.096644,-93.18176,2026-05-26 01:31:42.260317952,7,5608,269,13
15.080536,-93.20362,2026-05-26 01:31:42.375818752,7,5290,269,14
25.662465,-86.418669,2026-05-26 01:31:44.167944960,7,3879,232,19
25.907474,-88.933994,2026-05-26 01:31:44.709563648,7,7575,266,16
25.717248,-89.854724,2026-05-26 01:31:45.872002304,7,9994,219,15
20.079245,-88.832414,2026-05-26 01:31:45.881677824,7,6835,231,11
20.733294,-86.74249,2026-05-26 01:31:48.108151296,7,10000,224,24
20.051964,-87.686693,2026-05-26 01:31:48.923158528,7,4448,268,16
25.627096,-89.950411,2026-05-26 01:31:49.206114048,7,8294,228,13
25.445892,-88.987406,2026-05-26 01:31:52.636463616,7,8288,226,16
20.015804,-87.466943,2026-05-26 01:31:53.964429312,7,13607,228,18
14.989935,-93.265397,2026-05-26 01:31:55.935962112,7,3111,261,19
18.048144,-92.382119,2026-05-26 01:31:57.368171520,7,3526,246,23
8.556695,1.823307,2026-05-26 01:30:11.834464768,5,8433,196,15
32.084812,123.469977,2026-05-26 01:30:26.590811648,9,11383,213,29
32.099894,123.498676,2026-05-26 01:30:26.590826496,9,8834,217,16
31.867749,123.301563,2026-05-26 01:31:37.307628032,9,4670,214,19
32.554637,-103.635285,2026-05-26 04:35:06.401433344,1,10998,226,23
32.444713,-103.640935,2026-05-26 04:35:06.702058752,1,11885,227,23
28.989202,-83.081837,2026-05-26 04:35:07.368371456,1,9034,223,24
25.576588,-87.181077,2026-05-26 04:35:07.377805312,1,5637,204,37
32.371494,-103.487238,2026-05-26 04:35:08.323979008,1,10398,238,19
32.407747,-103.481523,2026-05-26 04:35:08.385584384,1,4956,239,25
23.666099,-87.123213,2026-05-26 04:35:32.739435008,1,4070,253,24
29.725653,-82.643408,2026-05-26 04:35:40.709099520,1,6581,142,40
29.620559,-82.733073,2026-05-26 04:35:40.759490560,1,9049,229,27
29.816524,-82.635519,2026-05-26 04:35:40.783054592,1,5973,256,26
29.816726,-82.624038,2026-05-26 04:35:40.856444160,1,5610,256,30
23.013583,-89.159057,2026-05-26 04:35:50.382553344,1,4595,258,39
25.29817,-87.1211,2026-05-26 04:35:51.616214784,1,12796,209,38
32.818149,-103.679719,2026-05-26 04:35:52.265115136,1,12298,224,16
-30.985206,148.489332,2026-05-26 04:35:29.345359360,2,12253,147,37
-31.034969,148.464828,2026-05-26 04:35:29.366505216,2,8152,259,19
-31.013318,148.486119,2026-05-26 04:35:29.705016320,2,7634,260,16
-31.182122,148.509025,2026-05-26 04:35:29.985986816,2,4546,149,28
-31.16054,148.51683,2026-05-26 04:35:30.31373824,2,7962,161,18
32.568137,-103.633848,2026-05-26 04:35:06.401437184,3,8048,173,52
32.520308,-103.64057,2026-05-26 04:35:06.401425664,3,4960,216,36
32.616369,-103.643791,2026-05-26 04:35:06.401451008,3,6942,226,21
32.566065,-103.664122,2026-05-26 04:35:06.487531776,3,10359,177,17
32.538391,-103.640444,2026-05-26 04:35:06.522954240,3,7830,177,30
32.56344,-103.639038,2026-05-26 04:35:06.671336448,3,12974,181,49
32.419769,-103.661098,2026-05-26 04:35:06.702047744,3,12177,175,53
32.436636,-103.678866,2026-05-26 04:35:06.702044928,3,6590,209,40
31.244647,-103.913679,2026-05-26 04:35:06.730351104,3,5141,214,29
31.192441,-103.860973,2026-05-26 04:35:06.993503232,3,6370,194,22
21.18639,-85.890116,2026-05-26 04:35:07.89460736,3,12517,257,40
18.049631,-96.398315,2026-05-26 04:35:14.660725504,3,11691,263,71
21.534049,-85.695235,2026-05-26 04:35:17.27918080,3,14604,214,106
23.623529,-87.095047,2026-05-26 04:35:32.664588544,3,11482,246,45
23.641444,-87.12028,2026-05-26 04:35:32.739426560,3,9944,239,58
23.64128,-87.119871,2026-05-26 04:35:32.739425280,3,8503,250,41
29.723853,-82.634679,2026-05-26 04:35:40.709104128,3,9006,146,30
29.771616,-82.622208,2026-05-26 04:35:40.709120000,3,9560,246,82
29.760384,-82.616777,2026-05-26 04:35:40.709164800,3,3836,242,69
46.99271,-89.380893,2026-05-26 04:35:49.144587776,3,6037,170,24
25.566116,-87.148815,2026-05-26 04:35:57.349297664,3,8698,174,66
25.457072,-86.905992,2026-05-26 04:35:20.511803904,4,10243,222,19
21.320414,-85.856033,2026-05-26 04:35:00.413008384,7,10930,266,11
20.967276,-83.78645,2026-05-26 04:35:01.897682432,7,5186,258,35
20.590613,-83.804241,2026-05-26 04:35:01.926342144,7,1660,259,23
20.597684,-83.797923,2026-05-26 04:35:01.972592640,7,1480,258,29
23.72736,-89.57553,2026-05-26 04:35:02.121302016,7,6700,245,24
15.660646,-94.467889,2026-05-26 04:35:02.743402496,7,4463,270,17
21.256693,-85.927959,2026-05-26 04:35:07.89485568,7,8697,266,15
29.137751,-83.010412,2026-05-26 04:35:07.368432384,7,3100,242,19
25.583551,-87.169316,2026-05-26 04:35:07.377757952,7,8409,221,33
25.607029,-87.217303,2026-05-26 04:35:07.377810432,7,8311,175,22
15.285831,-94.625814,2026-05-26 04:35:07.913106176,7,11801,263,14
15.477662,-94.555475,2026-05-26 04:35:09.155115520,7,7408,261,10
21.700481,-85.627823,2026-05-26 04:35:17.27976960,7,10973,266,35
15.418302,-94.571795,2026-05-26 04:35:18.130240256,7,3404,259,16
23.507389,-89.356411,2026-05-26 04:35:20.24800256,7,8840,194,18
23.47353,-89.383583,2026-05-26 04:35:20.221913600,7,5421,194,23
25.29725,-87.012859,2026-05-26 04:35:20.250927872,7,6176,267,15
23.5113,-89.357001,2026-05-26 04:35:20.306721536,7,9611,250,10
25.472123,-86.925228,2026-05-26 04:35:20.511805184,7,5383,193,31
25.444241,-86.918422,2026-05-26 04:35:20.511792384,7,2673,206,21
25.473165,-86.922796,2026-05-26 04:35:20.540641280,7,5994,193,24
25.501222,-86.921508,2026-05-26 04:35:20.568151040,7,3200,193,24
25.50032,-86.934635,2026-05-26 04:35:20.625235968,7,1955,193,21
24.078615,-87.287679,2026-05-26 04:35:20.689335552,7,7896,185,31
25.453967,-86.896497,2026-05-26 04:35:20.779571456,7,6963,215,36
25.492698,-86.923389,2026-05-26 04:35:20.779637504,7,5772,193,23
19.703096,-84.70416,2026-05-26 04:35:20.815565312,7,2820,265,23
25.408973,-86.993817,2026-05-26 04:35:21.71335680,7,6200,235,16
25.218266,-86.937944,2026-05-26 04:35:21.197326848,7,7075,220,18
24.445882,-89.235646,2026-05-26 04:35:26.790081024,7,6443,235,33
24.550539,-89.208156,2026-05-26 04:35:26.790166272,7,4447,242,25
17.947362,-91.679267,2026-05-26 04:35:27.127906816,7,6394,231,16
23.748622,-89.269866,2026-05-26 04:35:27.239087616,7,6045,177,23
23.542483,-89.389314,2026-05-26 04:35:27.524236800,7,11537,242,19
24.461139,-89.227507,2026-05-26 04:35:27.634294272,7,3935,207,25
24.484374,-89.175276,2026-05-26 04:35:27.719312128,7,3314,188,17
27.231234,-87.348832,2026-05-26 04:35:29.328278528,7,8188,251,28
26.82776,-87.301364,2026-05-26 04:35:29.328184064,7,13228,168,19
26.89126,-87.304731,2026-05-26 04:35:29.348101632,7,7341,203,24
23.602391,-87.127474,2026-05-26 04:35:32.739418880,7,10215,199,23
23.333649,-89.279517,2026-05-26 04:35:37.741947136,7,9104,196,16
15.663226,-94.472091,2026-05-26 04:35:37.871835136,7,2698,270,18
22.828317,-89.363851,2026-05-26 04:35:38.730728704,7,7953,255,33
23.281698,-89.266513,2026-05-26 04:35:38.881400576,7,4829,201,17
26.925602,-87.355167,2026-05-26 04:35:39.309784832,7,11340,196,18
26.850926,-87.420373,2026-05-26 04:35:39.309757696,7,6587,223,14
26.905579,-87.483224,2026-05-26 04:35:39.409968896,7,5137,223,17
26.85015,-87.481403,2026-05-26 04:35:40.54544896,7,1673,204,38
26.844116,-87.480191,2026-05-26 04:35:40.54543360,7,4627,200,29
26.935069,-87.440202,2026-05-26 04:35:40.54619136,7,4953,262,21
26.78595,-87.442405,2026-05-26 04:35:40.72722432,7,9082,205,35
26.835097,-87.461148,2026-05-26 04:35:40.72789760,7,3553,183,46
26.905149,-87.453413,2026-05-26 04:35:40.105789184,7,1938,254,28
26.82996,-87.464328,2026-05-26 04:35:40.105767168,7,3658,183,18
29.718751,-82.648823,2026-05-26 04:35:40.709097472,7,5405,181,34
29.831869,-82.610215,2026-05-26 04:35:40.709188096,7,3438,257,20
29.795911,-82.638717,2026-05-26 04:35:40.759560960,7,6387,197,25
29.799615,-82.614683,2026-05-26 04:35:40.783049984,7,4143,248,23
29.811381,-82.62604,2026-05-26 04:35:40.783051520,7,4096,248,12
29.795187,-82.624082,2026-05-26 04:35:40.856431104,7,5523,197,30
29.798506,-82.636589,2026-05-26 04:35:40.856438784,7,5934,197,22
25.227635,-86.997468,2026-05-26 04:35:41.19144192,7,2797,221,32
25.380193,-86.980116,2026-05-26 04:35:41.19201024,7,3277,228,30
25.442636,-87.043807,2026-05-26 04:35:41.43584512,7,3023,193,28
22.945182,-89.188823,2026-05-26 04:35:50.382530816,7,5802,181,32
25.125249,-87.189798,2026-05-26 04:35:51.616143104,7,2114,269,33
18.576792,-96.84104,2026-05-26 04:35:54.32385024,7,12917,220,12
25.232027,-86.938677,2026-05-26 04:35:54.458411776,7,8093,218,34
25.604472,-86.917086,2026-05-26 04:35:54.479664128,7,10620,221,16
25.38394,-86.983778,2026-05-26 04:35:54.573531648,7,3357,262,24
25.520059,-86.903112,2026-05-26 04:35:54.634051328,7,3995,265,20
15.532167,-94.553069,2026-05-26 04:35:55.328634624,7,4249,260,14
17.860885,-88.465355,2026-05-26 04:35:55.455556352,7,794,262,29
30.119935,120.906216,2026-05-26 04:35:22.178836224,9,5073,227,17
53.442636,44.28625,2026-05-26 05:45:01.778890496,1,14762,265,27
28.825616,-103.422687,2026-05-26 05:45:07.804490752,1,14522,222,27
28.616036,-82.978579,2026-05-26 05:45:08.708693760,1,13344,158,37
28.631663,-82.970402,2026-05-26 05:45:08.708754432,1,4943,205,22
28.669693,-83.00038,2026-05-26 05:45:08.755924224,1,10628,245,23
28.55012,-82.972539,2026-05-26 05:45:08.839508992,1,13672,159,21
28.684911,-82.970064,2026-05-26 05:45:08.888950272,1,2345,245,24
24.635671,-89.199996,2026-05-26 05:45:09.113820416,1,9520,235,42
24.3592,-89.278322,2026-05-26 05:45:09.176722688,1,12223,238,38
24.662388,-89.241064,2026-05-26 05:45:09.213291264,1,9247,167,16
49.834765,-81.543109,2026-05-26 05:45:24.612932608,1,5454,247,28
49.798312,-81.492136,2026-05-26 05:45:24.612949504,1,8539,159,17
30.783303,-104.962927,2026-05-26 05:45:27.970107392,1,14839,245,28
24.681731,-87.355653,2026-05-26 05:45:28.219245056,1,12230,209,31
24.033143,-89.648272,2026-05-26 05:45:28.580898560,1,4965,260,36
23.946417,-89.670668,2026-05-26 05:45:28.654779392,1,4365,173,23
23.965632,-89.671279,2026-05-26 05:45:28.696647680,1,14048,173,22
24.012005,-89.641998,2026-05-26 05:45:28.784604160,1,5186,250,28
24.130341,-87.55869,2026-05-26 05:45:30.384661504,1,12033,209,36
24.638899,-89.216731,2026-05-26 05:45:30.592916224,1,9911,167,42
24.724025,-89.208459,2026-05-26 05:45:31.123069952,1,3124,243,24
42.848861,-99.586833,2026-05-26 05:45:31.659147008,1,11161,174,25
24.476445,-87.419796,2026-05-26 05:45:32.68360448,1,4027,207,28
31.955516,-103.300127,2026-05-26 05:45:32.321825024,1,11308,176,44
28.774391,-83.041625,2026-05-26 05:45:39.543974144,1,12781,244,20
34.166136,-103.889038,2026-05-26 05:45:40.528636160,1,9898,214,23
34.327795,-103.817723,2026-05-26 05:45:40.634298112,1,9936,231,20
26.56951,-87.17633,2026-05-26 05:45:40.686096640,1,13618,208,16
34.306659,-103.810572,2026-05-26 05:45:40.780945664,1,13194,232,19
23.989876,-89.810853,2026-05-26 05:45:48.755864576,1,10502,172,28
31.108038,-104.517298,2026-05-26 05:45:48.759567360,1,4001,213,38
23.995701,-89.833616,2026-05-26 05:45:48.829582080,1,7781,172,19
23.994037,-89.826745,2026-05-26 05:45:48.868806400,1,4494,202,26
24.081619,-89.767327,2026-05-26 05:45:48.918440704,1,4347,259,34
32.991709,-103.236582,2026-05-26 05:45:55.967132928,1,12756,189,26
24.158782,-87.433846,2026-05-26 05:45:57.768568320,1,13349,180,41
24.737545,-87.494084,2026-05-26 05:46:05.822272,1,11461,210,35
32.912,-103.250376,2026-05-26 05:46:05.283478528,1,11333,224,28
20.172317,-84.401803,2026-05-26 05:46:06.341809408,1,8934,243,35
30.223902,-83.568438,2026-05-26 05:46:08.697077248,1,12970,253,33
29.838204,-83.460462,2026-05-26 05:46:08.696983552,1,5464,255,22
29.818445,-83.436246,2026-05-26 05:46:08.744371712,1,6066,255,27
29.840438,-83.447677,2026-05-26 05:46:08.796351488,1,6059,255,27
49.80471,-81.238493,2026-05-26 05:46:10.51394560,1,10296,222,38
49.828596,-81.24388,2026-05-26 05:46:10.51380992,1,3603,255,31
49.875567,-81.243336,2026-05-26 05:46:10.148920064,1,11361,203,32
49.90941,-81.289942,2026-05-26 05:46:10.148915200,1,5301,266,26
49.822934,-81.256545,2026-05-26 05:46:10.190675456,1,12430,222,34
49.827673,-81.259891,2026-05-26 05:46:10.190671104,1,5221,244,23
32.020689,-103.16912,2026-05-26 05:46:10.293163008,1,6329,240,39
23.246911,-89.035378,2026-05-26 05:46:10.625772032,1,10800,256,18
47.134224,-87.455517,2026-05-26 05:46:12.325861632,1,9875,194,41
47.089685,-87.461287,2026-05-26 05:46:12.325945344,1,11552,134,25
24.630141,-89.217047,2026-05-26 05:46:17.427609856,1,8832,167,46
24.732018,-89.21225,2026-05-26 05:46:17.427697408,1,6361,258,36
24.735684,-89.195417,2026-05-26 05:46:17.514248448,1,3734,243,23
24.732769,-89.192297,2026-05-26 05:46:17.559769856,1,3216,243,27
24.711355,-89.234443,2026-05-26 05:46:17.635392512,1,4291,243,22
42.569071,-98.941081,2026-05-26 05:46:28.131612928,1,11971,160,20
34.185351,-102.897731,2026-05-26 05:46:29.1207040,1,9386,217,36
34.18056,-102.912275,2026-05-26 05:46:29.1198080,1,14825,194,21
24.068806,-89.748577,2026-05-26 05:46:40.650774272,1,6352,249,17
24.064526,-89.742755,2026-05-26 05:46:40.754239744,1,8540,249,34
23.962293,-89.697642,2026-05-26 05:46:40.928531968,1,14485,211,35
24.09154,-89.750549,2026-05-26 05:46:40.928584192,1,8558,260,29
24.070504,-89.742026,2026-05-26 05:46:41.675379712,1,7995,242,15
47.327969,-88.498528,2026-05-26 05:46:43.133709568,1,13856,135,25
25.054971,-86.959566,2026-05-26 05:46:43.943931648,1,5000,265,21
23.898236,-89.695703,2026-05-26 05:46:44.433050880,1,8238,244,17
25.660114,-86.705859,2026-05-26 05:46:46.223174656,1,14470,261,31
25.546192,-87.504067,2026-05-26 05:46:48.251355136,1,5659,222,27
32.586135,-103.393307,2026-05-26 05:46:56.85973504,1,11043,243,19
24.05824,-89.576023,2026-05-26 05:46:57.724382720,1,9662,242,48
24.155742,-89.57291,2026-05-26 05:46:57.724464384,1,6908,259,38
24.124003,-89.573061,2026-05-26 05:46:57.754358784,1,3914,241,24
24.121836,-89.570516,2026-05-26 05:46:57.808022528,1,3987,249,34
42.428361,-98.547821,2026-05-26 05:46:58.443873792,1,11901,179,19
24.272172,-86.459829,2026-05-26 05:46:58.526663936,1,8923,215,37
24.114584,-89.578882,2026-05-26 05:46:58.627030528,1,3992,249,20
24.761665,-89.219668,2026-05-26 05:47:05.911825664,1,4714,258,33
24.755354,-89.211005,2026-05-26 05:47:05.911821568,1,9269,258,23
24.58698,-89.317054,2026-05-26 05:47:05.975959040,1,5758,269,27
24.411667,-89.248127,2026-05-26 05:47:06.46028032,1,12228,238,38
24.734095,-89.221092,2026-05-26 05:47:06.46147072,1,9394,257,27
24.759855,-89.210658,2026-05-26 05:47:06.147310592,1,7023,257,37
24.750257,-89.2133,2026-05-26 05:47:06.147302144,1,8364,257,24
24.752681,-89.214174,2026-05-26 05:47:06.262077184,1,9170,234,16
32.752332,-103.37029,2026-05-26 05:47:06.890114304,1,10380,202,45
32.71706,-103.425467,2026-05-26 05:47:07.598298624,1,5026,192,31
24.761118,-87.486446,2026-05-26 05:47:07.648607232,1,8549,232,40
43.145166,-94.83667,2026-05-26 05:47:17.775524352,1,6704,129,32
23.237293,-89.062141,2026-05-26 05:47:19.148701952,1,3459,249,27
49.940725,-81.391539,2026-05-26 05:47:21.818518784,1,12841,248,41
49.845942,-81.343,2026-05-26 05:47:21.818611968,1,3528,255,30
49.86193,-81.034977,2026-05-26 05:47:22.77134848,1,8776,215,27
29.78348,-83.439114,2026-05-26 05:47:23.588384768,1,8789,237,29
29.840883,-83.460678,2026-05-26 05:47:23.652870144,1,9257,237,27
29.891797,-83.434863,2026-05-26 05:47:23.735964160,1,11219,236,20
32.724239,-103.359711,2026-05-26 05:47:26.527342592,1,13261,191,21
32.726598,-103.346807,2026-05-26 05:47:26.566882560,1,5553,202,34
32.718922,-103.349961,2026-05-26 05:47:26.621829376,1,5683,202,39
23.978629,-89.556305,2026-05-26 05:47:27.187369984,1,3882,243,46
24.676201,-89.195562,2026-05-26 05:47:35.844145408,1,8667,167,46
24.770473,-89.20123,2026-05-26 05:47:35.844230912,1,3189,258,34
24.675657,-89.289752,2026-05-26 05:47:35.895729152,1,3336,167,32
24.759102,-89.217786,2026-05-26 05:47:36.108533760,1,3985,234,26
32.627798,-103.671386,2026-05-26 05:47:37.499515136,1,7796,238,25
24.074273,-89.702956,2026-05-26 05:47:39.479591936,1,10787,259,40
24.085914,-89.722589,2026-05-26 05:47:39.479603712,1,6392,259,28
32.134224,-103.384751,2026-05-26 05:47:40.401644800,1,7825,198,18
28.785623,-83.007839,2026-05-26 05:47:40.985898496,1,7222,244,28
42.178527,-98.328801,2026-05-26 05:47:43.749485312,1,8860,156,17
32.791969,-103.395407,2026-05-26 05:47:43.984332544,1,14682,202,41
28.321586,-82.945493,2026-05-26 05:47:53.90703616,1,8779,232,19
28.50754,-82.918328,2026-05-26 05:47:53.93353216,1,10436,249,23
42.430884,-98.910396,2026-05-26 05:47:53.159159552,1,14758,160,20
42.415493,-98.875193,2026-05-26 05:47:54.31133696,1,9053,211,24
32.925193,-103.247405,2026-05-26 05:47:54.828132864,1,10939,223,29
4.824913,127.801931,2026-05-26 05:47:01.493025792,2,8809,176,24
-31.829973,146.581798,2026-05-26 05:47:31.369403392,2,9294,228,39
-31.82195,146.590688,2026-05-26 05:47:31.409888256,2,10481,235,23
-31.815837,146.580091,2026-05-26 05:47:31.469017344,2,9184,234,38
5.052288,125.290744,2026-05-26 05:47:45.988642816,2,6342,177,26
32.943638,-103.282452,2026-05-26 05:45:04.182646528,3,12191,171,17
32.825679,-103.349484,2026-05-26 05:45:05.878163712,3,5756,248,28
30.798536,-82.928859,2026-05-26 05:45:06.558109184,3,5051,156,76
30.877831,-82.890378,2026-05-26 05:45:06.558197760,3,11626,238,58
30.872676,-82.919719,2026-05-26 05:45:06.558189056,3,7781,251,54
34.277957,-103.291381,2026-05-26 05:45:06.560126976,3,12448,190,34
34.323746,-103.254508,2026-05-26 05:45:06.560146432,3,9265,240,25
32.696335,-103.457101,2026-05-26 05:45:06.754884096,3,6124,256,47
32.747491,-103.414103,2026-05-26 05:45:06.754903808,3,4655,208,35
28.795721,-103.555047,2026-05-26 05:45:07.804455424,3,5697,143,67
28.882714,-103.417835,2026-05-26 05:45:07.804496128,3,11066,219,55
28.614491,-82.985584,2026-05-26 05:45:08.708696832,3,4210,205,93
28.687161,-82.993417,2026-05-26 05:45:08.708724992,3,4474,257,79
28.856281,-83.115066,2026-05-26 05:45:15.731010048,3,11889,248,27
28.855856,-83.115109,2026-05-26 05:45:15.731016704,3,11891,206,15
34.212422,-102.949104,2026-05-26 05:45:16.819328512,3,10263,190,32
34.221295,-102.941739,2026-05-26 05:45:16.819328256,3,8762,228,18
42.371177,-98.147056,2026-05-26 05:45:24.605091072,3,13014,116,18
49.864352,-81.50004,2026-05-26 05:45:24.612880896,3,13084,135,63
49.785553,-81.480752,2026-05-26 05:45:24.612955392,3,4263,234,54
49.762442,-81.506826,2026-05-26 05:45:24.612962304,3,8798,241,41
49.797881,-81.482491,2026-05-26 05:45:24.612949248,3,8686,151,21
42.561748,-98.718687,2026-05-26 05:45:27.168213248,3,12754,142,18
26.794758,-87.286633,2026-05-26 05:45:35.68450048,3,14281,197,51
26.727315,-87.310019,2026-05-26 05:45:35.68421376,3,13106,197,45
26.852279,-87.298798,2026-05-26 05:45:35.68474112,3,5487,268,33
26.780096,-87.277552,2026-05-26 05:45:35.68459008,3,8917,235,25
26.676236,-87.386054,2026-05-26 05:45:36.143356672,3,5231,246,112
26.711435,-87.378761,2026-05-26 05:45:36.143366400,3,7229,191,96
31.897035,-103.260655,2026-05-26 05:45:43.312154112,3,12020,179,54
31.904617,-103.306598,2026-05-26 05:45:43.312135680,3,7121,268,42
31.928085,-103.281741,2026-05-26 05:45:43.312153088,3,14971,241,20
34.228733,-103.125477,2026-05-26 05:45:43.333697536,3,6049,196,41
34.303297,-103.006712,2026-05-26 05:45:43.333737472,3,8904,224,30
24.79982,-87.506759,2026-05-26 05:45:43.793588480,3,2963,263,118
24.752073,-87.504501,2026-05-26 05:45:43.793572096,3,9702,221,111
24.647972,-89.197891,2026-05-26 05:45:52.314162176,3,8725,184,82
24.742853,-89.195663,2026-05-26 05:45:52.314245632,3,3621,267,67
24.727003,-89.182192,2026-05-26 05:45:52.342105088,3,6599,229,49
24.762747,-89.201338,2026-05-26 05:45:52.342115840,3,5898,267,37
34.165887,-103.117719,2026-05-26 05:45:59.985894400,3,7023,260,20
33.052809,-103.160129,2026-05-26 05:46:00.641399808,3,9881,194,24
28.619377,-83.005813,2026-05-26 05:46:01.850227456,3,10890,180,94
28.681093,-82.979996,2026-05-26 05:46:01.850303744,3,3699,254,76
28.695416,-82.991856,2026-05-26 05:46:01.850309632,3,6504,208,62
28.732373,-83.006869,2026-05-26 05:46:01.910674432,3,8626,257,73
28.684548,-82.965085,2026-05-26 05:46:01.910649344,3,3930,252,61
49.904173,-81.243258,2026-05-26 05:46:10.51299328,3,10144,164,84
49.882341,-81.26874,2026-05-26 05:46:10.51364352,3,6514,245,74
49.870095,-81.261508,2026-05-26 05:46:10.51371264,3,3310,242,63
49.830388,-81.250854,2026-05-26 05:46:10.51380480,3,3136,261,51
49.87697,-81.247719,2026-05-26 05:46:10.51367680,3,5996,177,39
49.912427,-81.267184,2026-05-26 05:46:10.148926720,3,14013,194,57
49.866623,-81.25655,2026-05-26 05:46:10.148929792,3,4664,235,48
49.861215,-81.272091,2026-05-26 05:46:10.148930816,3,4757,266,31
49.880007,-81.255884,2026-05-26 05:46:10.190593792,3,6899,184,81
49.919537,-81.268452,2026-05-26 05:46:10.190654464,3,12864,194,68
49.834625,-81.269133,2026-05-26 05:46:10.190664960,3,3504,237,54
49.834053,-81.269208,2026-05-26 05:46:10.190667264,3,3080,260,40
24.632461,-89.212167,2026-05-26 05:46:17.427608320,3,8124,181,122
24.654423,-89.239583,2026-05-26 05:46:17.427615744,3,8150,216,106
24.741906,-89.210641,2026-05-26 05:46:17.427703808,3,10410,263,82
24.765236,-89.208332,2026-05-26 05:46:17.427705344,3,12653,231,61
24.774783,-89.228591,2026-05-26 05:46:17.427711232,3,12037,260,40
24.732097,-89.183858,2026-05-26 05:46:17.514256128,3,10481,228,56
24.665363,-89.200946,2026-05-26 05:46:17.559696896,3,11575,187,63
24.704355,-89.216288,2026-05-26 05:46:17.635391488,3,9923,229,56
23.242303,-88.907809,2026-05-26 05:46:24.736686336,3,11474,244,43
43.152524,-94.787283,2026-05-26 05:46:25.508377600,3,12988,121,64
43.153814,-94.839048,2026-05-26 05:46:25.508374784,3,2010,218,47
42.299027,-97.71483,2026-05-26 05:46:25.737576448,3,6075,107,21
24.024919,-89.290774,2026-05-26 05:46:32.836078592,3,7966,192,71
24.160229,-89.285796,2026-05-26 05:46:32.836175616,3,5395,253,32
24.082011,-89.328592,2026-05-26 05:46:32.999175424,3,3495,192,24
42.338165,-98.036362,2026-05-26 05:46:34.426864896,3,13590,82,42
42.330192,-98.072171,2026-05-26 05:46:34.426853120,3,6631,139,29
19.229795,-76.366606,2026-05-26 05:46:34.831060736,3,4626,267,34
49.70513,-81.833968,2026-05-26 05:46:35.281164032,3,9743,247,23
33.038981,-103.332872,2026-05-26 05:46:35.533281792,3,14173,246,24
19.234257,-80.532951,2026-05-26 05:46:35.801103104,3,6871,264,44
24.035262,-89.895992,2026-05-26 05:46:35.988773888,3,5076,190,77
24.067949,-89.910665,2026-05-26 05:46:36.81058560,3,7771,237,52
43.113254,-99.247252,2026-05-26 05:46:36.147172608,3,8114,108,21
24.957646,-86.949012,2026-05-26 05:46:43.884135424,3,9089,222,77
25.034614,-86.956974,2026-05-26 05:46:43.884212224,3,6894,265,68
25.052526,-86.960309,2026-05-26 05:46:43.884220928,3,8215,243,48
25.062097,-86.959109,2026-05-26 05:46:43.884217856,3,9902,248,25
24.898771,-86.868912,2026-05-26 05:46:43.943873536,3,10302,190,43
25.075102,-86.961038,2026-05-26 05:46:43.943936512,3,6678,265,34
42.192618,-98.289925,2026-05-26 05:46:44.339205888,3,11539,107,67
42.236104,-98.430255,2026-05-26 05:46:44.339231744,3,12448,117,55
42.168691,-98.403656,2026-05-26 05:46:44.339254784,3,3593,247,48
42.18169,-98.318574,2026-05-26 05:46:44.339277312,3,6429,143,38
23.866797,-89.691816,2026-05-26 05:46:44.433040896,3,13182,239,41
23.904996,-89.695199,2026-05-26 05:46:45.86151424,3,10261,244,33
25.708625,-86.737506,2026-05-26 05:46:46.223134208,3,14592,227,71
25.609959,-86.701808,2026-05-26 05:46:46.223144704,3,14687,222,63
25.606049,-86.717489,2026-05-26 05:46:46.229846528,3,6202,222,24
42.470653,-98.870385,2026-05-26 05:46:46.301089792,3,11497,98,20
28.822168,-83.129132,2026-05-26 05:46:53.544373504,3,4090,264,84
28.808712,-83.108511,2026-05-26 05:46:53.544417280,3,9705,257,73
28.826875,-83.134593,2026-05-26 05:46:53.544419840,3,9152,246,59
28.824668,-83.12695,2026-05-26 05:46:53.544426240,3,4771,224,38
28.840936,-83.169098,2026-05-26 05:46:53.675350016,3,5446,258,102
28.976069,-83.123301,2026-05-26 05:46:53.675397888,3,4454,254,88
28.820965,-83.128993,2026-05-26 05:46:53.675393536,3,5676,248,74
28.808877,-83.142729,2026-05-26 05:46:53.675387392,3,2451,256,60
28.800021,-83.148099,2026-05-26 05:46:53.675384320,3,10521,166,47
28.878806,-83.131642,2026-05-26 05:46:53.675412992,3,11283,259,25
28.920101,-83.104863,2026-05-26 05:46:54.7268096,3,10408,261,26
28.819238,-83.110519,2026-05-26 05:46:54.204846080,3,10447,252,35
28.81276,-83.128812,2026-05-26 05:46:54.204838400,3,2855,244,21
42.360309,-98.02276,2026-05-26 05:46:54.465308928,3,10361,117,53
42.385824,-98.114086,2026-05-26 05:46:54.465285376,3,2991,256,40
42.315733,-98.047169,2026-05-26 05:46:54.465312768,3,10055,130,27
32.511411,-103.507164,2026-05-26 05:46:56.85929216,3,10320,172,51
32.561602,-103.515941,2026-05-26 05:46:56.85937664,3,9561,208,38
32.178554,-103.0769,2026-05-26 05:46:57.115476224,3,13986,217,20
43.111281,-94.775764,2026-05-26 05:46:57.422001920,3,7094,155,27
43.147859,-94.789178,2026-05-26 05:46:57.421997568,3,10361,94,15
24.040297,-89.568823,2026-05-26 05:46:57.724378368,3,5223,237,111
31.203232,-104.603935,2026-05-26 05:47:04.876426752,3,11373,184,135
31.253664,-104.62595,2026-05-26 05:47:04.876493568,3,14716,213,114
31.153166,-104.731705,2026-05-26 05:47:04.876450560,3,11263,238,101
31.298362,-104.607694,2026-05-26 05:47:04.876514048,3,7625,250,88
31.34522,-104.582386,2026-05-26 05:47:04.876528128,3,10707,220,75
23.08847,-89.056065,2026-05-26 05:47:04.951080192,3,11195,231,16
24.633659,-89.216259,2026-05-26 05:47:05.708248576,3,8290,162,119
24.102419,-83.421882,2026-05-26 05:47:12.802765568,3,7351,243,28
24.138997,-83.436452,2026-05-26 05:47:12.802829824,3,5931,239,81
42.479093,-98.189004,2026-05-26 05:47:20.676268032,3,12399,191,18
49.894256,-81.340546,2026-05-26 05:47:21.818539008,3,8295,185,98
49.913581,-81.328507,2026-05-26 05:47:21.818535424,3,10805,185,88
49.962699,-81.357907,2026-05-26 05:47:21.818584576,3,10415,202,74
49.886039,-81.346119,2026-05-26 05:47:21.818602496,3,9132,236,63
49.848337,-81.333461,2026-05-26 05:47:21.818610688,3,5405,239,48
49.96744,-81.158297,2026-05-26 05:47:22.77107712,3,12889,186,49
49.826935,-81.03811,2026-05-26 05:47:22.77148416,3,2876,242,34
49.814401,-81.03716,2026-05-26 05:47:22.77148928,3,5192,203,20
42.516443,-98.799444,2026-05-26 05:47:22.221481472,3,11687,94,35
28.315894,-82.947587,2026-05-26 05:47:29.429879040,3,13991,182,24
28.362609,-82.963269,2026-05-26 05:47:29.429885440,3,9466,210,18
28.389394,-82.942358,2026-05-26 05:47:29.447385600,3,10089,250,30
28.366425,-82.961952,2026-05-26 05:47:29.447368704,3,8527,250,18
23.562811,-89.396238,2026-05-26 05:47:30.69654784,3,7513,240,65
23.631573,-89.245093,2026-05-26 05:47:30.124736768,3,11013,241,36
24.20646,-87.497765,2026-05-26 05:47:31.925455360,3,8230,177,56
23.985579,-89.730864,2026-05-26 05:47:39.479517184,3,11200,167,17
24.076362,-89.732838,2026-05-26 05:47:39.479601920,3,5872,259,70
28.677617,-83.014113,2026-05-26 05:47:40.177026560,3,10288,229,27
32.026884,-103.32235,2026-05-26 05:47:40.401620480,3,14385,165,57
32.199452,-103.297976,2026-05-26 05:47:40.401685248,3,9362,206,44
32.191275,-103.313459,2026-05-26 05:47:40.430178560,3,7015,180,27
32.192199,-103.315214,2026-05-26 05:47:40.471136512,3,8258,177,41
31.920451,-103.284058,2026-05-26 05:47:48.93071360,3,13149,184,34
31.949968,-103.293816,2026-05-26 05:47:48.93072384,3,4971,217,18
24.253056,-89.593924,2026-05-26 05:47:48.343984896,3,13240,242,29
32.049841,-103.245633,2026-05-26 05:47:49.778321920,3,14896,117,60
32.206034,-103.290202,2026-05-26 05:47:49.778371584,3,11039,195,47
32.205755,-103.291526,2026-05-26 05:47:49.778374400,3,5905,245,31
16.098418,-88.952303,2026-05-26 05:47:51.114908928,3,3004,262,24
28.504592,-82.902043,2026-05-26 05:47:53.93353728,3,7854,208,35
28.51127,-82.875365,2026-05-26 05:47:53.93354752,3,5100,225,30
42.434993,-98.872104,2026-05-26 05:47:53.159172352,3,8715,112,39
42.435385,-98.894169,2026-05-26 05:47:53.159166208,3,4476,144,26
34.164817,-102.951901,2026-05-26 05:47:53.966713088,3,10271,186,19
42.468691,-98.789946,2026-05-26 05:47:54.31155456,3,13288,93,45
42.484721,-98.805961,2026-05-26 05:47:54.31149824,3,13562,143,32
34.09695,-103.074034,2026-05-26 05:47:54.116335872,3,8193,135,57
34.128114,-102.953513,2026-05-26 05:47:54.116372480,3,8554,191,44
32.756367,-103.412945,2026-05-26 05:47:54.828042496,3,12573,207,69
32.929666,-103.248704,2026-05-26 05:47:54.828132864,3,6003,200,55
26.355591,-86.315583,2026-05-26 05:47:54.996154624,3,5081,263,33
26.422798,-86.316959,2026-05-26 05:47:54.996177664,3,5378,270,20
30.681794,-104.954834,2026-05-26 05:47:55.98053120,3,12437,199,44
49.872482,-81.251755,2026-05-26 05:46:10.51376384,4,13618,177,22
49.869781,-81.283859,2026-05-26 05:46:10.190659328,4,12606,217,19
30.037694,118.644338,2026-05-26 05:46:58.732130560,4,11637,240,20
24.578126,-89.270265,2026-05-26 05:47:05.819785472,4,14269,220,18
24.585214,-89.252428,2026-05-26 05:47:35.844157184,4,14782,221,21
23.915607,-89.782004,2026-05-26 05:47:39.479534848,4,13896,224,21
24.637818,-87.377703,2026-05-26 05:47:56.562253312,4,13136,226,26
28.775054,-103.506531,2026-05-26 05:45:07.804468480,7,7741,172,21
28.606407,-83.002381,2026-05-26 05:45:08.708693504,7,6573,180,33
28.691525,-82.982941,2026-05-26 05:45:08.708778496,7,5555,206,21
28.67391,-83.006109,2026-05-26 05:45:08.755930112,7,6521,208,22
28.673926,-83.006102,2026-05-26 05:45:08.755930112,7,6521,208,13
28.699879,-82.97843,2026-05-26 05:45:08.839561216,7,3226,208,20
28.69988,-82.978432,2026-05-26 05:45:08.839561216,7,3226,208,11
28.692174,-82.972028,2026-05-26 05:45:08.888954880,7,4619,208,25
28.691184,-82.971613,2026-05-26 05:45:08.888954112,7,4897,208,12
24.373485,-89.267495,2026-05-26 05:45:09.113773056,7,4267,233,36
24.804526,-89.197681,2026-05-26 05:45:09.113927168,7,3619,268,24
24.385232,-89.267643,2026-05-26 05:45:09.176726016,7,5240,233,32
24.655866,-89.245991,2026-05-26 05:45:09.213284352,7,4762,162,11
25.462528,-86.770864,2026-05-26 05:45:10.66747136,7,9092,260,21
23.997414,-89.591316,2026-05-26 05:45:10.334050560,7,3900,242,38
16.122925,-89.15826,2026-05-26 05:45:19.55729920,7,12688,238,15
15.479644,-94.970109,2026-05-26 05:45:19.942237696,7,3835,261,18
24.442196,-87.326469,2026-05-26 05:45:20.193044992,7,5138,229,19
24.051583,-89.325856,2026-05-26 05:45:23.408363520,7,5966,194,13
24.01443,-89.320668,2026-05-26 05:45:23.504893952,7,9988,174,17
24.712889,-87.379296,2026-05-26 05:45:28.219247360,7,4346,212,25
23.922297,-89.774706,2026-05-26 05:45:28.580844032,7,3380,249,29
23.955503,-89.682103,2026-05-26 05:45:28.654776320,7,4552,173,16
23.975718,-89.690752,2026-05-26 05:45:28.696642816,7,7125,172,16
23.958788,-89.698436,2026-05-26 05:45:28.784579328,7,5587,173,20
24.215028,-87.565771,2026-05-26 05:45:30.384698112,7,3639,246,28
24.790469,-89.197611,2026-05-26 05:45:30.593015296,7,2187,268,23
24.527795,-87.400887,2026-05-26 05:45:32.569218816,7,2344,268,21
24.560886,-87.372285,2026-05-26 05:45:32.632898048,7,7252,270,11
26.750403,-87.352648,2026-05-26 05:45:35.68429824,7,11600,142,18
26.574038,-87.440937,2026-05-26 05:45:36.143313920,7,3651,270,34
26.792998,-87.363137,2026-05-26 05:45:36.143444992,7,2043,262,28
26.731655,-87.353779,2026-05-26 05:45:36.143427840,7,3800,233,19
26.46113,-87.396457,2026-05-26 05:45:36.210650368,7,6444,201,15
26.666941,-87.426004,2026-05-26 05:45:36.210712832,7,3044,168,16
22.89029,-89.159831,2026-05-26 05:45:37.104414464,7,3521,249,33
23.258312,-89.155623,2026-05-26 05:45:37.255448064,7,4452,203,11
23.263087,-89.062793,2026-05-26 05:45:37.386780672,7,3828,203,10
9.394902,-84.228023,2026-05-26 05:45:38.918166784,7,7477,270,21
28.517058,-83.182333,2026-05-26 05:45:39.543860736,7,10217,204,16
28.687162,-83.026221,2026-05-26 05:45:39.543944448,7,9100,255,10
28.599564,-83.282097,2026-05-26 05:45:39.585845760,7,14887,215,17
26.303159,-87.081215,2026-05-26 05:45:40.687748864,7,12986,212,12
28.811237,-83.15047,2026-05-26 05:45:41.203835904,7,4949,207,28
28.820307,-83.147369,2026-05-26 05:45:41.203839232,7,9320,207,18
28.797655,-83.111648,2026-05-26 05:45:41.270531840,7,2090,207,20
28.797656,-83.111648,2026-05-26 05:45:41.270531840,7,2090,207,14
28.762478,-83.097425,2026-05-26 05:45:41.355694080,7,7834,198,18
28.758032,-83.110869,2026-05-26 05:45:41.517967872,7,2846,205,33
28.820677,-83.118197,2026-05-26 05:45:41.518044160,7,2491,207,23
24.731673,-87.486187,2026-05-26 05:45:43.793567232,7,9696,184,41
24.54471,-87.423737,2026-05-26 05:45:43.850028288,7,5739,235,34
24.823948,-87.501195,2026-05-26 05:45:43.927639808,7,3869,228,15
29.785656,-83.450126,2026-05-26 05:45:44.434233344,7,4992,199,17
24.017475,-89.383828,2026-05-26 05:45:45.229959680,7,2789,191,30
26.528901,-87.56166,2026-05-26 05:45:45.656858368,7,2931,218,22
23.962687,-89.892324,2026-05-26 05:45:48.614931456,7,4099,198,27
23.985974,-89.819003,2026-05-26 05:45:48.829581568,7,5277,167,15
24.00309,-89.809984,2026-05-26 05:45:48.868809472,7,4864,187,28
23.983508,-89.82675,2026-05-26 05:45:48.918402048,7,4679,167,29
24.043551,-89.757957,2026-05-26 05:45:48.959471360,7,7184,237,13
23.954127,-89.879593,2026-05-26 05:45:49.24749824,7,5511,188,25
23.979482,-89.822948,2026-05-26 05:45:49.202498048,7,4476,172,23
24.008834,-89.807013,2026-05-26 05:45:49.557210624,7,4011,187,13
24.742941,-89.194055,2026-05-26 05:45:52.314249984,7,4417,242,30
24.659441,-89.239785,2026-05-26 05:45:52.342081280,7,5313,162,18
15.422144,-94.992689,2026-05-26 05:45:56.229197568,7,4235,264,18
24.151596,-87.446488,2026-05-26 05:45:57.768563456,7,4268,174,40
24.032445,-89.579457,2026-05-26 05:45:57.887048192,7,7634,237,40
24.257796,-89.456797,2026-05-26 05:45:57.887190784,7,13684,257,13
24.013543,-89.684668,2026-05-26 05:45:57.914302208,7,2306,187,22
24.289685,-87.456074,2026-05-26 05:45:57.926508544,7,2507,270,28
24.006176,-89.626965,2026-05-26 05:45:57.951429888,7,7551,227,19
24.034519,-89.613005,2026-05-26 05:45:58.11655936,7,3847,192,10
23.924642,-89.639518,2026-05-26 05:45:58.288980736,7,3892,210,39
24.162753,-89.586361,2026-05-26 05:45:58.289064704,7,1463,270,29
24.209466,-87.463011,2026-05-26 05:45:58.676571392,7,4136,234,17
28.69475,-82.988422,2026-05-26 05:46:01.850307840,7,3013,208,32
28.717713,-82.991645,2026-05-26 05:46:01.850315520,7,8988,208,21
28.654241,-82.966814,2026-05-26 05:46:01.910647808,7,9650,168,22
24.040737,-89.363137,2026-05-26 05:46:02.78882816,7,8594,194,15
24.050669,-89.366201,2026-05-26 05:46:02.140566784,7,3977,188,17
24.054956,-89.361776,2026-05-26 05:46:02.207546368,7,5242,188,16
25.250614,-86.925854,2026-05-26 05:46:03.640099072,7,5060,235,17
25.227998,-86.947202,2026-05-26 05:46:03.699913984,7,4328,267,18
25.270509,-86.927381,2026-05-26 05:46:03.856211200,7,9712,235,14
25.230645,-86.960635,2026-05-26 05:46:04.23456512,7,2466,235,21
24.826785,-87.506455,2026-05-26 05:46:04.885925632,7,4059,238,30
24.828596,-87.503855,2026-05-26 05:46:05.859392,7,3315,238,30
20.260886,-84.425032,2026-05-26 05:46:06.341841408,7,6989,260,30
29.74407,-83.534164,2026-05-26 05:46:08.696944640,7,6105,197,26
29.739625,-83.526993,2026-05-26 05:46:08.696943616,7,5325,200,15
29.78472,-83.440053,2026-05-26 05:46:08.744362240,7,4703,237,23
29.795377,-83.443762,2026-05-26 05:46:08.744358912,7,6188,237,13
29.823229,-83.450528,2026-05-26 05:46:08.796343296,7,1091,248,19
29.81678,-83.455692,2026-05-26 05:46:08.796341504,7,5686,199,10
23.176111,-89.036198,2026-05-26 05:46:10.625755136,7,5569,251,14
24.728601,-87.379451,2026-05-26 05:46:12.416936960,7,10890,239,17
24.622948,-89.208851,2026-05-26 05:46:17.427608576,7,11115,162,42
24.738952,-89.214894,2026-05-26 05:46:17.427699968,7,10386,241,26
24.717055,-89.185329,2026-05-26 05:46:17.514252544,7,8617,234,25
24.759643,-89.184638,2026-05-26 05:46:17.559779840,7,4098,242,24
24.67256,-89.260684,2026-05-26 05:46:17.635379712,7,2161,186,22
24.740516,-89.218315,2026-05-26 05:46:17.876565248,7,3302,242,25
24.667905,-89.253662,2026-05-26 05:46:18.70501120,7,5246,187,11
15.439261,-94.980181,2026-05-26 05:46:20.373676032,7,14098,263,12
24.484584,-87.341241,2026-05-26 05:46:22.490236928,7,2429,235,35
24.011275,-89.295762,2026-05-26 05:46:32.234883584,7,7597,169,40
24.195716,-89.282864,2026-05-26 05:46:32.234995200,7,3423,270,26
23.981859,-89.37931,2026-05-26 05:46:32.269935616,7,4351,188,19
24.070009,-89.333824,2026-05-26 05:46:32.632811008,7,4087,193,11
24.154724,-89.281022,2026-05-26 05:46:32.836177408,7,1805,249,27
19.209025,-80.539431,2026-05-26 05:46:35.801091840,7,5761,238,16
23.81232,-89.843959,2026-05-26 05:46:35.988768512,7,3667,193,27
24.024476,-89.94636,2026-05-26 05:46:36.81042944,7,5512,187,20
24.82472,-87.498458,2026-05-26 05:46:36.904819712,7,1471,238,29
24.812687,-87.546745,2026-05-26 05:46:36.926504704,7,5740,183,14
24.837231,-87.496073,2026-05-26 05:46:36.959329536,7,2574,266,23
24.779803,-87.514633,2026-05-26 05:46:36.959304960,7,3512,225,17
24.783661,-87.529956,2026-05-26 05:46:36.980711680,7,8681,189,11
24.568516,-87.404612,2026-05-26 05:46:37.15017984,7,5295,228,23
24.803155,-87.528241,2026-05-26 05:46:37.115723520,7,8107,189,12
23.832165,-89.727927,2026-05-26 05:46:44.433025536,7,11060,189,14
25.63237,-86.762156,2026-05-26 05:46:46.223163392,7,6977,192,26
25.623833,-86.740271,2026-05-26 05:46:46.223156224,7,7262,192,20
15.399922,-95.046941,2026-05-26 05:46:47.223025920,7,12779,265,11
25.544554,-87.510894,2026-05-26 05:46:48.251352832,7,3664,222,19
25.46309,-87.430597,2026-05-26 05:46:48.608130816,7,12002,158,12
23.972962,-89.39232,2026-05-26 05:46:49.757787904,7,11767,199,26
24.034195,-89.368044,2026-05-26 05:46:49.857196288,7,8051,188,14
24.106987,-89.294079,2026-05-26 05:46:50.65991424,7,5686,244,22
23.234094,-89.128694,2026-05-26 05:46:50.941728512,7,9284,183,11
24.80958,-87.376216,2026-05-26 05:46:52.218324992,7,5505,266,16
16.500044,-88.536005,2026-05-26 05:46:53.72685056,7,6716,260,10
28.822369,-83.128337,2026-05-26 05:46:53.544422912,7,5650,207,30
28.830277,-83.131805,2026-05-26 05:46:53.544425216,7,7265,207,20
28.733936,-83.158528,2026-05-26 05:46:53.675311616,7,6392,199,34
28.832435,-83.135578,2026-05-26 05:46:53.675398144,7,5021,205,21
28.823697,-83.181284,2026-05-26 05:46:53.675396096,7,14613,207,9
28.586233,-83.439547,2026-05-26 05:46:54.204709120,7,12380,232,17
16.213515,-89.029285,2026-05-26 05:46:57.702441728,7,8682,250,20
24.034287,-89.575654,2026-05-26 05:46:57.724372992,7,8088,187,40
24.05844,-89.610559,2026-05-26 05:46:57.754337536,7,5440,173,16
24.04706,-89.617393,2026-05-26 05:46:57.807993856,7,6077,167,29
24.085544,-86.3967,2026-05-26 05:46:58.526620928,7,12232,195,34
24.423727,-86.531733,2026-05-26 05:46:58.619436032,7,4399,237,12
24.069194,-89.602041,2026-05-26 05:46:58.627014656,7,2967,193,12
26.760561,-87.046215,2026-05-26 05:47:01.872585472,7,6613,142,36
26.737543,-87.146719,2026-05-26 05:47:01.872621568,7,2223,199,29
24.969695,-87.166678,2026-05-26 05:47:03.817477376,7,7528,223,34
24.626667,-89.225852,2026-05-26 05:47:05.708244992,7,8095,162,15
24.642326,-89.331643,2026-05-26 05:47:05.708286976,7,4909,194,31
24.34749,-89.2994,2026-05-26 05:47:05.819708928,7,3257,242,36
24.622074,-89.33389,2026-05-26 05:47:05.911760640,7,2093,233,31
24.662801,-89.252173,2026-05-26 05:47:05.975990784,7,3883,161,26
24.63503,-89.32697,2026-05-26 05:47:06.46094336,7,3776,194,29
24.67361,-89.27683,2026-05-26 05:47:06.147270912,7,2150,164,30
24.677207,-89.238781,2026-05-26 05:47:06.262056704,7,5079,181,15
24.677544,-89.240917,2026-05-26 05:47:06.570993920,7,4892,186,16
19.008008,-80.300374,2026-05-26 05:47:13.980587776,7,11316,265,20
23.944962,-89.734503,2026-05-26 05:47:14.32814848,7,9386,168,22
24.756064,-87.363088,2026-05-26 05:47:18.186468352,7,6041,225,18
15.456788,-94.981601,2026-05-26 05:47:18.615177984,7,7739,263,13
23.154527,-89.137922,2026-05-26 05:47:19.19768832,7,1586,211,30
23.16277,-89.094936,2026-05-26 05:47:19.56735488,7,13725,198,12
23.203635,-89.023811,2026-05-26 05:47:19.89849088,7,5272,248,19
23.238113,-89.054735,2026-05-26 05:47:19.148700160,7,4371,247,23
29.724499,-83.460301,2026-05-26 05:47:23.588305408,7,4455,196,32
29.801379,-83.441315,2026-05-26 05:47:23.588388864,7,10631,197,22
29.813392,-83.45494,2026-05-26 05:47:23.652860928,7,4862,197,25
29.81087,-83.460286,2026-05-26 05:47:23.652857600,7,3242,199,14
29.7616,-83.445297,2026-05-26 05:47:23.735917568,7,7552,210,19
26.253907,-87.211533,2026-05-26 05:47:26.851721216,7,13191,212,15
23.952686,-89.556779,2026-05-26 05:47:27.187366656,7,3079,188,43
23.96931,-89.57206,2026-05-26 05:47:27.216184064,7,2403,210,23
23.998703,-89.610563,2026-05-26 05:47:27.294016768,7,4765,188,12
28.446433,-83.157172,2026-05-26 05:47:27.356448000,7,10544,216,17
24.004864,-89.623253,2026-05-26 05:47:27.887570944,7,7073,193,11
28.29835,-82.932666,2026-05-26 05:47:29.429871104,7,5849,219,13
16.520902,-88.544342,2026-05-26 05:47:29.483187968,7,6729,262,12
23.562479,-89.296231,2026-05-26 05:47:30.69671936,7,8102,211,23
23.629246,-89.250983,2026-05-26 05:47:30.124738816,7,1533,246,14
24.204652,-87.504123,2026-05-26 05:47:31.925453056,7,7300,177,22
24.323829,-87.481038,2026-05-26 05:47:31.925537536,7,6190,243,23
24.312676,-87.492342,2026-05-26 05:47:31.952521728,7,4892,237,17
23.196063,-88.816313,2026-05-26 05:47:32.414378240,7,3340,250,35
23.037293,-88.832782,2026-05-26 05:47:32.463330560,7,12794,205,12
23.131266,-88.806609,2026-05-26 05:47:32.508052736,7,3101,253,23
23.195817,-89.074261,2026-05-26 05:47:33.530900992,7,7736,184,27
24.645965,-89.201701,2026-05-26 05:47:35.844135424,7,7141,181,42
24.629022,-89.347199,2026-05-26 05:47:35.895704064,7,1691,235,29
28.582191,-83.203018,2026-05-26 05:47:40.985811456,7,5840,202,31
28.782177,-82.991022,2026-05-26 05:47:40.985898752,7,2770,243,22
28.509118,-82.907394,2026-05-26 05:47:53.93354752,7,6937,208,21
28.484171,-82.910024,2026-05-26 05:47:53.93341184,7,7451,181,14
16.309428,-89.058813,2026-05-26 05:47:54.133778432,7,7384,263,13
26.365927,-86.318567,2026-05-26 05:47:54.996169984,7,11374,211,16
24.464188,-87.36767,2026-05-26 05:47:56.556224768,7,5112,233,28
24.691246,-87.345875,2026-05-26 05:47:56.562233600,7,7722,185,35
24.864547,-87.343319,2026-05-26 05:47:56.562339840,7,1907,269,27
29.026528,115.353931,2026-05-26 05:45:32.249650176,9,7855,265,19
49.872495,-81.251762,2026-05-26 05:46:10.51376384,9,13618,217,13
49.882571,-81.255293,2026-05-26 05:46:10.190660352,9,13656,217,10
30.04589,118.60339,2026-05-26 05:46:23.924538880,9,13069,241,15
30.016663,118.715854,2026-05-26 05:46:58.732147200,9,6239,240,19
31.973867,125.044279,2026-05-26 05:47:30.302325760,9,8298,201,18
33.704727,-103.434009,2026-05-26 08:15:03.64636672,1,13107,176,33
23.616677,-88.958984,2026-05-26 08:15:03.109924864,1,3327,246,23
33.791115,-103.48281,2026-05-26 08:15:03.155751168,1,9609,197,45
26.359518,-86.995605,2026-05-26 08:15:13.590355456,1,12411,209,41
26.453771,-86.977191,2026-05-26 08:15:13.611172864,1,11998,209,25
42.44971,-98.473238,2026-05-26 08:15:13.960066560,1,14520,157,21
49.232461,-79.595216,2026-05-26 08:15:23.362488576,1,10863,252,26
49.13067,-79.743349,2026-05-26 08:15:23.379499008,1,9839,250,28
29.723599,-83.449809,2026-05-26 08:15:23.449865984,1,9643,237,38
25.182861,-86.875462,2026-05-26 08:15:23.612667136,1,4461,264,25
30.588245,-103.851269,2026-05-26 08:15:36.572141568,1,4733,199,35
30.488888,-105.556138,2026-05-26 08:15:36.736338432,1,12534,220,23
28.59442,-101.670509,2026-05-26 08:15:38.88641536,1,7109,131,21
23.631572,-88.941304,2026-05-26 08:15:48.213089792,1,6911,209,42
55.785657,10.241825,2026-05-26 08:15:56.911076096,1,10947,101,306
55.755717,10.249549,2026-05-26 08:15:56.911094272,1,9108,141,296
55.59794,10.25673,2026-05-26 08:15:56.911138560,1,14230,260,277
55.748265,10.232607,2026-05-26 08:15:56.911093760,1,6452,164,267
55.640067,10.327346,2026-05-26 08:15:56.911139072,1,10355,74,244
43.103795,-94.095361,2026-05-26 08:16:05.302690560,1,11233,211,25
25.059747,-86.993336,2026-05-26 08:16:07.730245120,1,9811,228,44
25.133325,-86.998227,2026-05-26 08:16:07.730318848,1,3849,258,34
52.93722,44.75676,2026-05-26 08:16:07.821359616,1,8345,268,16
23.668511,-88.903832,2026-05-26 08:16:15.546032384,1,8471,262,35
42.919475,-94.228341,2026-05-26 08:16:17.671490816,1,14024,126,24
30.881524,-105.102362,2026-05-26 08:16:25.506067712,1,6553,235,33
27.863831,-101.656181,2026-05-26 08:16:27.421124864,1,8008,190,27
25.177999,-89.2741,2026-05-26 08:16:28.971101952,1,12967,255,43
24.977669,-89.303659,2026-05-26 08:16:29.21817344,1,10723,198,33
24.984289,-89.294451,2026-05-26 08:16:29.68079104,1,5376,268,22
52.003529,44.822052,2026-05-26 08:16:40.334345472,1,14354,219,246
42.682635,-94.527275,2026-05-26 08:17:00.959983104,1,13405,264,29
43.547132,-94.7465,2026-05-26 08:17:01.342108416,1,11962,193,24
27.877156,-101.573882,2026-05-26 08:17:01.866160128,1,6015,267,22
63.359621,9.402083,2026-05-26 08:17:05.503362304,1,6328,214,20
63.357101,9.426676,2026-05-26 08:17:05.577099520,1,7384,243,25
63.365774,9.469853,2026-05-26 08:17:05.635090176,1,9758,132,17
24.955033,-89.277675,2026-05-26 08:17:14.890196736,1,13215,164,45
25.012067,-89.313182,2026-05-26 08:17:14.890268160,1,9249,257,33
24.994853,-89.291651,2026-05-26 08:17:15.136815616,1,3438,256,40
47.221423,42.416986,2026-05-26 08:17:15.805745152,1,3615,269,35
25.016018,-89.304117,2026-05-26 08:17:18.928931328,1,9023,268,24
55.789906,10.25266,2026-05-26 08:17:19.14688512,1,8974,129,43
55.764934,10.252804,2026-05-26 08:17:19.14744064,1,8085,267,30
55.746321,10.199044,2026-05-26 08:17:19.257305600,1,13968,98,23
30.641175,-83.816128,2026-05-26 08:17:28.279554304,1,13094,230,24
51.928841,44.530494,2026-05-26 08:17:28.627230976,1,8111,218,52
25.131456,-86.881817,2026-05-26 08:17:28.890161920,1,4441,264,28
23.631574,-88.880434,2026-05-26 08:17:29.21026560,1,3887,246,29
28.614427,-101.72601,2026-05-26 08:17:29.67459328,1,4567,265,44
25.22765,-87.055855,2026-05-26 08:17:36.553649152,1,7616,269,39
25.258143,-87.040987,2026-05-26 08:17:36.641769216,1,5010,264,20
42.696844,-94.090037,2026-05-26 08:17:38.413396480,1,12178,126,27
42.692036,-94.080607,2026-05-26 08:17:38.418934784,1,12609,218,22
54.809953,45.417314,2026-05-26 08:17:57.684114432,1,4396,227,119
25.171143,-86.921197,2026-05-26 08:18:09.374784256,1,5234,264,35
43.394644,-94.638047,2026-05-26 08:18:09.515889664,1,13545,128,24
25.83608,-101.471249,2026-05-26 08:18:10.193057536,1,7959,228,38
24.962514,-88.872297,2026-05-26 08:18:11.939599104,1,10750,231,18
30.607836,-103.835714,2026-05-26 08:18:19.624663040,1,6352,199,20
43.793843,-99.463851,2026-05-26 08:18:20.492515584,1,14369,139,31
25.124878,-86.944975,2026-05-26 08:18:30.505457664,1,13925,227,17
43.405074,-94.681114,2026-05-26 08:18:31.87936768,1,11682,128,21
47.254971,42.271685,2026-05-26 08:18:31.269263616,1,5054,235,80
25.146395,-86.877959,2026-05-26 08:18:38.930465024,1,6674,264,24
25.138378,-86.876367,2026-05-26 08:18:38.979508224,1,6152,264,24
25.171773,-86.877557,2026-05-26 08:18:39.598494976,1,11517,264,18
32.639479,-103.119762,2026-05-26 08:18:39.617278464,1,7271,237,20
24.86533,-89.416734,2026-05-26 08:18:40.642870528,1,4243,267,27
30.504599,-105.415247,2026-05-26 08:18:42.191170816,1,5905,240,26
28.8651,115.767056,2026-05-26 08:15:07.104903936,2,9860,261,21
29.093021,117.546519,2026-05-26 08:15:10.55945984,2,13864,249,19
-32.832383,151.081978,2026-05-26 08:15:23.471373824,2,10758,156,17
-32.893109,151.080989,2026-05-26 08:16:36.303369216,2,4279,154,29
-32.892761,150.973295,2026-05-26 08:16:36.303388160,2,11901,123,26
-32.889057,151.073934,2026-05-26 08:16:36.323834368,2,11138,179,24
28.807434,115.97175,2026-05-26 08:16:46.334692352,2,9177,258,31
-34.280233,151.905413,2026-05-26 08:16:49.473536768,2,8922,193,29
-34.283727,151.923592,2026-05-26 08:16:49.495634432,2,14196,199,33
3.625933,117.61432,2026-05-26 08:17:08.972471040,2,14266,230,28
29.077442,117.634517,2026-05-26 08:17:57.323784448,2,13422,248,21
29.126173,117.689072,2026-05-26 08:17:57.658786816,2,13450,238,21
30.081753,121.294958,2026-05-26 08:18:00.652999168,2,10457,234,35
30.061586,121.44272,2026-05-26 08:18:00.653028352,2,13265,222,21
30.07866,121.385734,2026-05-26 08:18:00.783702784,2,8254,231,28
-34.327719,151.956858,2026-05-26 08:18:37.512185856,2,9575,193,24
-34.276871,151.879623,2026-05-26 08:18:37.512201984,2,14631,107,23
-34.318279,151.922872,2026-05-26 08:18:37.548880896,2,13755,200,34
-34.285636,151.814247,2026-05-26 08:18:37.586385152,2,6830,132,25
16.453467,-88.428583,2026-05-26 08:15:01.350764544,3,9561,260,31
43.83942,-94.44516,2026-05-26 08:15:01.716791808,3,12381,99,27
33.718607,-103.416169,2026-05-26 08:15:03.64630272,3,9206,138,85
33.760024,-103.421186,2026-05-26 08:15:03.64642560,3,8607,182,70
23.598597,-88.945693,2026-05-26 08:15:03.109919488,3,7796,241,42
25.395376,-86.775204,2026-05-26 08:15:13.183966720,3,7209,263,29
26.397838,-86.98994,2026-05-26 08:15:13.590372096,3,2935,261,98
26.516274,-86.941107,2026-05-26 08:15:13.611189760,3,5991,255,30
22.557992,-82.925625,2026-05-26 08:15:20.634212096,3,8099,251,47
25.69337,-86.852931,2026-05-26 08:15:22.794132992,3,12132,251,60
25.681878,-86.838301,2026-05-26 08:15:22.794126592,3,6005,227,43
32.623325,-102.670605,2026-05-26 08:15:23.299355648,3,4704,111,62
32.769035,-102.743949,2026-05-26 08:15:23.299387904,3,6846,190,48
32.698714,-102.822705,2026-05-26 08:15:23.331895296,3,5308,195,28
32.775905,-102.755503,2026-05-26 08:15:23.331921664,3,5197,218,17
49.304282,-79.631002,2026-05-26 08:15:23.362395904,3,13576,192,15
49.324665,-79.657296,2026-05-26 08:15:23.362459648,3,10467,235,51
49.274083,-79.611407,2026-05-26 08:15:23.362476800,3,6242,246,37
49.202679,-79.616549,2026-05-26 08:15:23.362492160,3,3950,204,24
24.517157,-87.17817,2026-05-26 08:15:30.824733184,3,6971,269,15
30.601666,-83.807163,2026-05-26 08:15:32.557563136,3,8124,191,24
24.923982,-89.315802,2026-05-26 08:15:41.96578048,3,6020,232,39
24.928579,-89.314502,2026-05-26 08:15:41.96623616,3,14497,206,78
25.030867,-89.3083,2026-05-26 08:15:41.96667392,3,6827,259,54
24.986021,-89.299452,2026-05-26 08:15:41.168954624,3,3011,268,51
25.045486,-89.302886,2026-05-26 08:15:41.222531072,3,6425,267,46
23.715677,-88.935755,2026-05-26 08:15:48.305899264,3,6612,246,68
24.241004,-88.802782,2026-05-26 08:15:48.306094592,3,13727,252,31
23.705854,-88.915391,2026-05-26 08:15:48.344889088,3,4533,241,45
23.633985,-88.919924,2026-05-26 08:15:48.970638336,3,4489,245,98
23.716386,-88.898594,2026-05-26 08:15:49.46745600,3,4125,247,35
23.727676,-88.901468,2026-05-26 08:15:49.197350144,3,4622,253,28
23.695831,-88.915297,2026-05-26 08:15:49.474891264,3,4238,199,20
25.816921,-101.449763,2026-05-26 08:15:49.643285248,3,4805,265,25
43.2172,-94.102103,2026-05-26 08:15:50.29187072,3,10383,73,52
43.232068,-94.082306,2026-05-26 08:15:50.29264128,3,11476,109,72
43.194781,-94.107654,2026-05-26 08:15:50.29253376,3,6369,232,53
16.629288,-88.548011,2026-05-26 08:15:57.767945984,3,5569,265,36
25.855905,-101.501813,2026-05-26 08:15:57.834209536,3,12044,221,58
25.8315,-101.513163,2026-05-26 08:15:57.834204160,3,13645,221,45
25.933303,-101.510789,2026-05-26 08:15:57.834229248,3,13369,256,25
24.8139,-86.771147,2026-05-26 08:15:58.287546880,3,8626,192,52
16.709724,-88.419608,2026-05-26 08:15:58.592430848,3,8669,265,16
32.758934,-102.916756,2026-05-26 08:15:59.490150144,3,10748,169,50
32.785085,-102.904595,2026-05-26 08:15:59.490167552,3,5900,241,32
25.046592,-86.997005,2026-05-26 08:16:07.730238976,3,8969,181,106
25.134191,-87.019263,2026-05-26 08:16:07.730270976,3,8439,208,101
25.124037,-87.009421,2026-05-26 08:16:07.730314240,3,4378,243,72
25.041613,-86.99416,2026-05-26 08:16:07.834786304,3,4998,188,89
26.047247,-86.940442,2026-05-26 08:16:14.915944704,3,6638,175,48
26.155725,-87.051788,2026-05-26 08:16:14.915980544,3,8154,217,37
23.581717,-88.899734,2026-05-26 08:16:15.545950464,3,3917,246,116
18.946509,-94.424963,2026-05-26 08:16:23.456426240,3,8192,242,22
42.562544,-98.147033,2026-05-26 08:16:23.974227712,3,7104,191,24
42.605326,-98.132114,2026-05-26 08:16:24.1742848,3,8964,154,42
42.709385,-97.923392,2026-05-26 08:16:24.285450752,3,7359,83,103
42.699932,-97.97273,2026-05-26 08:16:24.285452288,3,2438,152,118
42.505468,-97.841421,2026-05-26 08:16:24.285530880,3,7840,198,101
19.123747,-77.244285,2026-05-26 08:16:31.710470912,3,13642,244,24
25.146612,-88.376605,2026-05-26 08:16:32.2722816,3,6998,236,18
29.677836,-83.412642,2026-05-26 08:16:32.54880768,3,12843,193,57
29.750366,-83.41816,2026-05-26 08:16:32.56911104,3,5064,257,45
29.7636,-83.392588,2026-05-26 08:16:32.56923392,3,4587,243,33
25.506928,-101.674387,2026-05-26 08:16:41.852535040,3,10509,241,44
25.53464,-101.657608,2026-05-26 08:16:41.852539904,3,12302,253,34
25.462003,-101.673512,2026-05-26 08:16:41.863935232,3,10199,223,22
49.165652,-79.593865,2026-05-26 08:16:41.965637888,3,12966,136,26
30.777478,-83.790116,2026-05-26 08:16:42.800833536,3,7532,230,33
30.773754,-83.773976,2026-05-26 08:16:42.800831232,3,4167,211,19
16.617378,-88.5216,2026-05-26 08:16:43.622993664,3,9908,259,14
25.06709,-86.880141,2026-05-26 08:16:44.745668608,3,8991,209,74
25.089318,-86.862691,2026-05-26 08:16:44.771193600,3,5267,266,26
25.081816,-86.85811,2026-05-26 08:16:44.828460800,3,5470,266,39
43.16802,-99.05201,2026-05-26 08:16:52.29773312,3,13666,118,36
43.164855,-99.051843,2026-05-26 08:16:52.29782784,3,14205,105,23
25.428593,-86.440446,2026-05-26 08:17:00.479739136,3,7104,264,68
25.396904,-86.425578,2026-05-26 08:17:00.634643200,3,5831,264,37
42.716591,-94.083279,2026-05-26 08:17:00.960103936,3,14649,119,57
43.796703,-94.478227,2026-05-26 08:17:08.194173184,3,12571,127,31
43.792997,-94.480636,2026-05-26 08:17:08.194172160,3,13866,127,22
32.338082,-103.085419,2026-05-26 08:17:08.523460864,3,12233,132,79
32.500466,-103.14958,2026-05-26 08:17:08.523498752,3,9204,213,69
32.563222,-103.130694,2026-05-26 08:17:08.523519488,3,8090,231,46
17.06659,-88.546009,2026-05-26 08:17:18.895481600,3,9053,259,30
25.005244,-89.283645,2026-05-26 08:17:18.928936960,3,6257,227,48
25.002467,-89.355301,2026-05-26 08:17:18.976005120,3,12680,179,14
43.536646,-94.724334,2026-05-26 08:17:19.679169536,3,11264,97,29
25.063473,-86.999765,2026-05-26 08:17:19.985952000,3,8903,181,84
24.975606,-86.90006,2026-05-26 08:17:20.73267456,3,5964,187,30
25.126985,-86.981785,2026-05-26 08:17:20.105429760,3,8073,266,29
43.380896,-94.82494,2026-05-26 08:17:27.479516672,3,11377,119,33
43.386504,-94.826799,2026-05-26 08:17:27.479526656,3,11632,97,25
27.877959,-101.536383,2026-05-26 08:17:36.58898432,3,5810,236,33
28.062531,-101.354138,2026-05-26 08:17:36.58980608,3,10934,264,20
23.909258,-88.834582,2026-05-26 08:17:36.332072704,3,6016,242,42
25.174602,-87.047867,2026-05-26 08:17:36.478272768,3,3456,264,43
25.126446,-87.053896,2026-05-26 08:17:36.553564416,3,6279,220,19
28.209331,-101.567065,2026-05-26 08:17:51.222147328,3,8131,234,29
28.221343,-101.553655,2026-05-26 08:17:51.356589312,3,5672,234,44
28.215419,-101.573881,2026-05-26 08:17:51.356582656,3,9611,234,31
28.22458,-101.554186,2026-05-26 08:17:51.694126848,3,6981,223,70
28.228498,-101.560009,2026-05-26 08:17:51.694124288,3,5696,234,62
23.716758,-88.883726,2026-05-26 08:17:58.740900352,3,10215,193,19
42.694376,-94.094677,2026-05-26 08:18:00.3563520,3,12066,126,35
42.714224,-94.078327,2026-05-26 08:18:00.12338176,3,9172,128,47
25.230738,-86.846997,2026-05-26 08:18:08.207997184,3,7988,264,21
16.628647,-88.545169,2026-05-26 08:18:08.318529792,3,14017,259,32
24.91599,-86.902927,2026-05-26 08:18:08.439872000,3,4551,230,17
25.119487,-86.980065,2026-05-26 08:18:08.439940864,3,6577,243,17
25.165155,-86.906234,2026-05-26 08:18:09.374781184,3,4798,264,81
23.54095,-88.959992,2026-05-26 08:18:16.408298240,3,9758,194,68
23.621683,-88.957198,2026-05-26 08:18:16.418369792,3,10226,240,41
23.632003,-88.942887,2026-05-26 08:18:16.435802624,3,2608,246,50
23.640469,-88.96567,2026-05-26 08:18:16.475211264,3,3260,245,41
23.543836,-89.067539,2026-05-26 08:18:16.541725696,3,13685,200,81
30.558518,-83.843287,2026-05-26 08:18:25.635758848,3,7303,190,83
30.625616,-83.797627,2026-05-26 08:18:25.635837184,3,8443,235,67
30.627753,-83.806123,2026-05-26 08:18:25.635833600,3,9163,254,47
43.84468,-94.443729,2026-05-26 08:18:27.15068672,3,14792,99,46
43.835682,-94.468435,2026-05-26 08:18:27.15073024,3,3372,125,35
43.879767,-94.493555,2026-05-26 08:18:27.32549632,3,13670,137,55
43.952542,-94.609285,2026-05-26 08:18:27.32523264,3,14750,226,40
32.809853,-102.797393,2026-05-26 08:18:28.322101504,3,5535,214,25
43.918991,-94.856606,2026-05-26 08:18:44.695864320,3,9025,238,23
24.528044,-89.127905,2026-05-26 08:18:45.301989632,3,7285,237,23
43.036908,-94.581346,2026-05-26 08:18:45.749197056,3,9196,95,27
43.191506,-94.034886,2026-05-26 08:18:45.959997184,3,12515,130,42
43.155396,-94.078746,2026-05-26 08:18:45.960079872,3,12345,104,28
25.088925,-86.822258,2026-05-26 08:18:46.580302592,3,11037,225,41
25.126289,-86.862728,2026-05-26 08:18:46.765089536,3,5661,265,26
25.166824,-86.877816,2026-05-26 08:18:46.775791360,3,2741,264,21
25.117441,-87.013238,2026-05-26 08:18:47.335887360,3,12909,265,16
25.534746,-86.813124,2026-05-26 08:18:47.351671552,3,9942,222,21
16.622359,-88.555481,2026-05-26 08:18:47.410665472,3,11222,259,13
28.35084,-101.609505,2026-05-26 08:18:48.117456896,3,10022,233,37
43.149977,-94.042662,2026-05-26 08:18:55.147686144,3,11519,140,56
43.15885,-94.048375,2026-05-26 08:18:55.147677952,3,12192,95,43
43.152461,-94.051248,2026-05-26 08:18:55.147683072,3,13658,113,23
25.173616,-86.891111,2026-05-26 08:18:55.445342208,3,7795,264,41
25.1522,-86.908886,2026-05-26 08:18:55.445331200,3,11568,224,25
33.416574,-104.831189,2026-05-26 08:18:55.648433920,3,6391,219,27
33.21711,-104.684698,2026-05-26 08:18:55.814798592,3,13179,144,71
33.407812,-104.667151,2026-05-26 08:18:55.814842112,3,8759,176,58
33.433869,-104.661939,2026-05-26 08:18:55.814855680,3,10206,219,38
25.048491,-86.96238,2026-05-26 08:18:57.189842688,3,3927,188,42
28.865103,115.767059,2026-05-26 08:15:07.104903936,4,9860,261,21
29.093021,117.546519,2026-05-26 08:15:10.55945984,4,13864,249,20
30.205254,127.512701,2026-05-26 08:15:22.964610304,4,14272,178,24
30.924926,-103.905873,2026-05-26 08:15:27.320423424,4,12977,236,22
28.630013,-101.767834,2026-05-26 08:15:38.281096448,4,13551,188,23
24.964737,-87.037388,2026-05-26 08:16:07.730266624,4,13652,225,21
42.638777,-97.934775,2026-05-26 08:16:24.285520896,4,5259,158,26
23.771623,-88.978549,2026-05-26 08:16:35.230603776,4,11345,227,26
28.807434,115.97175,2026-05-26 08:16:46.334692352,4,9177,258,32
28.724779,-101.7025,2026-05-26 08:17:29.284100864,4,14983,251,22
29.110137,117.711897,2026-05-26 08:17:57.323799040,4,13503,238,19
29.126173,117.689072,2026-05-26 08:17:57.658786816,4,13450,238,21
54.803092,45.45185,2026-05-26 08:17:57.684107264,4,10471,252,19
30.119159,121.241506,2026-05-26 08:18:00.652985344,4,8824,236,37
30.061586,121.44272,2026-05-26 08:18:00.653028352,4,13265,222,22
30.060309,121.34544,2026-05-26 08:18:00.783685376,4,6449,234,32
23.55677,-88.976375,2026-05-26 08:15:03.109902592,7,2562,235,15
25.705574,-101.63575,2026-05-26 08:15:03.986963712,7,8629,218,27
24.902342,-86.791342,2026-05-26 08:15:04.653679616,7,7357,190,35
25.096587,-86.930246,2026-05-26 08:15:04.692080640,7,11817,180,18
25.10691,-86.895065,2026-05-26 08:15:04.720817664,7,4342,236,22
25.126859,-86.902258,2026-05-26 08:15:04.766394624,7,3293,236,31
25.092743,-86.896395,2026-05-26 08:15:04.766383104,7,1796,265,22
26.352944,-86.986824,2026-05-26 08:15:13.590353152,7,13918,202,35
25.033939,-86.924334,2026-05-26 08:15:16.536724736,7,10149,229,16
16.486161,-88.472995,2026-05-26 08:15:24.313080832,7,5465,262,14
16.515798,-88.440339,2026-05-26 08:15:24.383450624,7,9759,262,12
16.635463,-88.513212,2026-05-26 08:15:25.788046592,7,3088,261,19
25.119132,-86.95795,2026-05-26 08:15:26.312687616,7,4962,221,21
25.171786,-86.889895,2026-05-26 08:15:26.369686784,7,11925,220,18
24.786314,-86.935718,2026-05-26 08:15:26.476707840,7,4363,225,21
25.021454,-86.922692,2026-05-26 08:15:26.728272384,7,4465,225,20
23.78804,-88.99912,2026-05-26 08:15:27.878573824,7,13721,192,13
25.189507,-87.05713,2026-05-26 08:15:28.87774464,7,5127,236,31
26.494255,-86.986223,2026-05-26 08:15:28.261600768,7,10141,219,11
16.717226,-88.582895,2026-05-26 08:15:28.786046464,7,7786,258,11
26.429294,-86.840087,2026-05-26 08:15:28.999695872,7,14546,225,13
23.895874,-88.928501,2026-05-26 08:15:29.153842176,7,11262,243,10
23.873257,-88.976268,2026-05-26 08:15:29.168671232,7,6504,181,28
13.890263,-93.277566,2026-05-26 08:15:31.4237568,7,6428,269,17
13.725379,-92.951753,2026-05-26 08:15:37.933686272,7,4694,269,13
28.493994,-101.896128,2026-05-26 08:15:38.88566784,7,4296,215,27
28.486646,-101.843657,2026-05-26 08:15:38.105722112,7,10522,214,13
24.51564,-87.176277,2026-05-26 08:15:38.130440704,7,6441,187,39
28.4829,-101.837558,2026-05-26 08:15:38.162643712,7,5167,210,21
28.498896,-101.853806,2026-05-26 08:15:38.192749312,7,9608,210,10
28.543521,-101.769426,2026-05-26 08:15:38.281062912,7,3393,217,32
24.600589,-87.192203,2026-05-26 08:15:38.323071744,7,4264,234,20
24.621691,-87.194553,2026-05-26 08:15:38.399262464,7,3679,235,22
27.949228,-101.799495,2026-05-26 08:15:38.614262528,7,4648,213,19
23.535062,-87.183516,2026-05-26 08:15:38.718528768,7,10379,205,17
24.505791,-89.061557,2026-05-26 08:15:40.170840576,7,2802,239,19
25.006141,-89.324836,2026-05-26 08:15:41.96601344,7,10171,212,18
24.881699,-89.42009,2026-05-26 08:15:41.401620224,7,4021,227,24
25.095325,-86.981171,2026-05-26 08:15:45.906332928,7,8635,221,20
24.82998,-86.99961,2026-05-26 08:15:45.974593024,7,3667,267,25
24.752202,-87.048546,2026-05-26 08:15:46.18985984,7,10543,268,16
24.811433,-87.001001,2026-05-26 08:15:46.228596224,7,4665,267,25
23.312058,-88.987876,2026-05-26 08:15:48.212978176,7,3286,244,37
23.705941,-88.916204,2026-05-26 08:15:48.264683520,7,5309,247,15
23.708764,-88.922265,2026-05-26 08:15:48.344891904,7,5397,247,14
23.558765,-89.038258,2026-05-26 08:15:48.970652160,7,2826,241,35
23.628849,-88.946633,2026-05-26 08:15:49.46717696,7,8059,199,13
23.630591,-88.93912,2026-05-26 08:15:49.197324032,7,9730,199,12
25.978073,-86.615263,2026-05-26 08:15:50.245154816,7,11223,228,14
16.647978,-88.575717,2026-05-26 08:15:50.375578368,7,12838,247,22
25.031132,-89.335094,2026-05-26 08:15:50.456454400,7,12841,182,17
24.914576,-88.57775,2026-05-26 08:15:50.658235136,7,14490,231,13
24.971466,-89.311964,2026-05-26 08:15:50.854999808,7,13655,226,13
24.808108,-86.883434,2026-05-26 08:15:52.336634880,7,8525,224,35
25.139118,-86.875147,2026-05-26 08:15:52.385746688,7,7606,220,15
25.108216,-86.868032,2026-05-26 08:15:52.468935680,7,4577,268,17
17.122167,-88.556026,2026-05-26 08:15:53.625296896,7,6390,258,12
8.421805,-79.218419,2026-05-26 08:16:04.503856640,7,10536,205,22
16.640618,-88.529835,2026-05-26 08:16:05.990266880,7,7578,259,11
25.04394,-87.003419,2026-05-26 08:16:07.730236672,7,11096,181,37
25.33848,-86.880517,2026-05-26 08:16:07.730407680,7,6447,267,13
25.091828,-87.004099,2026-05-26 08:16:07.834859520,7,9956,237,31
27.946138,-101.771799,2026-05-26 08:16:10.211469824,7,8478,213,26
24.209658,-89.146949,2026-05-26 08:16:18.878396928,7,12110,234,34
24.748563,-88.898219,2026-05-26 08:16:18.878621184,7,14529,256,11
24.501314,-89.089236,2026-05-26 08:16:18.924361728,7,10815,188,15
24.508578,-89.108379,2026-05-26 08:16:18.963696896,7,9436,188,14
24.461578,-89.182413,2026-05-26 08:16:19.42913792,7,6898,232,29
25.803405,-101.586806,2026-05-26 08:16:20.948558848,7,6562,221,17
27.882666,-101.669434,2026-05-26 08:16:27.421116928,7,5728,221,24
24.571626,-89.134366,2026-05-26 08:16:28.651056640,7,3132,233,24
24.908468,-89.303065,2026-05-26 08:16:28.971002368,7,9144,178,40
25.045444,-89.295145,2026-05-26 08:16:28.971107328,7,4736,267,26
24.966742,-89.314695,2026-05-26 08:16:29.21820928,7,2738,173,29
24.9831,-89.277713,2026-05-26 08:16:29.68084736,7,6781,228,18
24.37345,-87.136477,2026-05-26 08:16:29.792130048,7,5234,238,20
29.760251,-83.381241,2026-05-26 08:16:32.54967808,7,4778,248,24
29.741816,-83.395888,2026-05-26 08:16:32.54963968,7,12907,172,22
29.761238,-83.381104,2026-05-26 08:16:32.56920064,7,7397,197,19
29.748836,-83.427696,2026-05-26 08:16:32.56909824,7,5029,172,14
16.721414,-88.521838,2026-05-26 08:16:33.175561216,7,8151,261,13
23.822103,-88.941142,2026-05-26 08:16:35.230576640,7,12670,172,41
23.893503,-88.964397,2026-05-26 08:16:35.267710720,7,8259,181,28
23.915429,-88.966342,2026-05-26 08:16:35.320505600,7,4038,176,34
23.876921,-88.986844,2026-05-26 08:16:35.367530752,7,9675,171,25
23.843097,-88.999829,2026-05-26 08:16:35.425425408,7,2314,196,22
23.980575,-88.93626,2026-05-26 08:16:35.504103168,7,2726,244,18
24.951796,-87.021524,2026-05-26 08:16:36.336422656,7,3167,196,27
24.987781,-86.945354,2026-05-26 08:16:36.391311616,7,7022,269,18
25.036714,-86.919354,2026-05-26 08:16:36.448152576,7,3328,222,20
25.046238,-86.951389,2026-05-26 08:16:37.162978304,7,3477,266,23
24.977689,-89.304162,2026-05-26 08:16:38.805387264,7,13699,221,9
25.249079,-87.014576,2026-05-26 08:16:39.277410560,7,14199,264,15
24.872763,-87.086764,2026-05-26 08:16:39.362751232,7,8467,268,17
25.318625,-101.834659,2026-05-26 08:16:41.852440064,7,8191,213,16
24.768536,-86.893032,2026-05-26 08:16:44.745560064,7,5594,267,28
25.016172,-86.892876,2026-05-26 08:16:44.745645056,7,1144,225,18
25.143155,-86.883808,2026-05-26 08:16:44.771208960,7,14781,221,13
24.995489,-86.852964,2026-05-26 08:16:44.828441088,7,10285,234,21
25.145579,-86.882655,2026-05-26 08:16:44.898030080,7,11750,228,22
24.55653,-87.253206,2026-05-26 08:16:52.710843392,7,3788,230,22
24.628228,-87.242204,2026-05-26 08:16:52.770988032,7,4934,228,19
24.585212,-87.256434,2026-05-26 08:16:52.850348800,7,12438,193,15
24.640929,-87.204842,2026-05-26 08:16:53.64395264,7,7561,228,15
24.613498,-87.228738,2026-05-26 08:16:53.66172416,7,13535,241,14
23.750099,-88.982075,2026-05-26 08:16:53.303046400,7,1641,227,24
16.52091,-88.497952,2026-05-26 08:16:55.259040512,7,4877,260,20
19.599945,-81.521243,2026-05-26 08:16:56.826509824,7,2835,264,13
19.630566,-81.535389,2026-05-26 08:16:56.929972480,7,4833,263,18
24.775444,-86.961984,2026-05-26 08:17:06.290371584,7,8156,226,20
16.456786,-88.446194,2026-05-26 08:17:06.378214144,7,9367,263,19
16.718971,-88.544421,2026-05-26 08:17:07.59160064,7,5540,245,12
16.713407,-88.549532,2026-05-26 08:17:07.211028992,7,6689,247,27
16.612054,-88.588002,2026-05-26 08:17:09.939793408,7,11547,261,11
23.65554,-88.908251,2026-05-26 08:17:14.835397376,7,4924,243,12
23.633231,-88.952309,2026-05-26 08:17:14.865968128,7,10001,198,14
24.897113,-89.32236,2026-05-26 08:17:14.890177280,7,11800,178,40
25.001958,-89.289258,2026-05-26 08:17:14.890267136,7,3733,240,25
24.942437,-89.324969,2026-05-26 08:17:14.917603328,7,4403,183,14
23.619203,-88.918823,2026-05-26 08:17:14.920439040,7,3224,194,19
24.891627,-89.323209,2026-05-26 08:17:15.77282816,7,10135,183,12
24.909307,-89.33369,2026-05-26 08:17:15.300659968,7,4610,183,12
23.601857,-88.945656,2026-05-26 08:17:15.457436160,7,3425,231,16
23.647609,-88.933524,2026-05-26 08:17:15.542749696,7,8923,199,9
23.640974,-88.91684,2026-05-26 08:17:15.629451008,7,8896,243,13
17.065448,-88.545653,2026-05-26 08:17:18.895481344,7,7678,259,15
24.898876,-89.389085,2026-05-26 08:17:18.928889088,7,5982,178,20
24.806024,-87.038116,2026-05-26 08:17:19.985912832,7,7205,226,33
24.771746,-87.053209,2026-05-26 08:17:20.105310720,7,9401,268,18
25.059433,-86.879991,2026-05-26 08:17:21.504886016,7,2918,208,30
25.033554,-86.846735,2026-05-26 08:17:21.675490816,7,8328,225,15
16.450704,-88.44272,2026-05-26 08:17:25.582405632,7,7472,260,16
29.427403,-83.395581,2026-05-26 08:17:25.872313088,7,3537,234,18
25.098345,-86.890303,2026-05-26 08:17:28.833541888,7,3717,264,22
23.536433,-88.938831,2026-05-26 08:17:29.20992000,7,4134,229,19
25.093879,-86.883616,2026-05-26 08:17:29.42091520,7,2219,265,22
28.526948,-101.901195,2026-05-26 08:17:29.67401728,7,5334,211,34
23.907131,-88.83463,2026-05-26 08:17:36.332072448,7,5821,245,20
25.127357,-87.076001,2026-05-26 08:17:36.478257920,7,2530,224,21
24.882559,-87.096316,2026-05-26 08:17:36.553526784,7,9106,224,35
24.95196,-86.977616,2026-05-26 08:17:36.641673984,7,5847,223,21
25.264253,-87.071729,2026-05-26 08:17:36.794464512,7,12976,227,14
16.499726,-88.412885,2026-05-26 08:17:49.946859776,7,4712,248,20
28.083451,-101.735679,2026-05-26 08:17:51.222070528,7,9599,213,12
28.076973,-101.728453,2026-05-26 08:17:51.356509696,7,5888,213,16
28.088004,-101.748792,2026-05-26 08:17:51.763111424,7,10096,213,10
24.923739,-89.342371,2026-05-26 08:17:52.554612992,7,8604,232,31
24.952583,-89.362839,2026-05-26 08:17:52.656862720,7,4292,177,26
24.995499,-89.334961,2026-05-26 08:17:52.703164672,7,3769,231,12
24.775218,-88.449766,2026-05-26 08:17:52.950891264,7,2303,227,32
25.104775,-88.399954,2026-05-26 08:17:53.18499072,7,2904,231,14
16.822189,-88.521756,2026-05-26 08:18:01.349478144,7,13339,260,12
24.87523,-89.402778,2026-05-26 08:18:02.853777920,7,9967,178,29
24.924882,-89.322081,2026-05-26 08:18:03.109383424,7,6055,177,15
24.770388,-87.019403,2026-05-26 08:18:03.372360448,7,5849,225,24
25.074815,-86.997316,2026-05-26 08:18:03.407305984,7,5333,236,17
16.578251,-88.539368,2026-05-26 08:18:05.734209536,7,6935,259,10
16.59829,-88.582928,2026-05-26 08:18:08.318512640,7,10773,259,13
14.037992,-92.872778,2026-05-26 08:18:08.872332800,7,5948,269,19
24.871022,-86.944061,2026-05-26 08:18:09.374679296,7,4625,224,32
24.885553,-88.909202,2026-05-26 08:18:11.939579392,7,5430,184,14
29.723062,-83.396121,2026-05-26 08:18:13.487477760,7,9851,172,15
28.246193,-101.861942,2026-05-26 08:18:13.989000448,7,9176,210,27
16.625138,-88.573709,2026-05-26 08:18:14.875258880,7,12534,261,13
24.880446,-89.439224,2026-05-26 08:18:16.123311872,7,5754,192,29
23.208019,-89.024179,2026-05-26 08:18:16.408235008,7,6974,245,17
23.628544,-88.95992,2026-05-26 08:18:16.418376960,7,5007,245,13
23.624391,-88.946415,2026-05-26 08:18:16.435800320,7,2815,248,19
23.615737,-88.968995,2026-05-26 08:18:16.541768448,7,3087,180,29
23.460756,-88.978589,2026-05-26 08:18:16.605024256,7,6077,236,19
25.051159,-86.894878,2026-05-26 08:18:17.490657024,7,5036,188,41
25.149915,-87.154418,2026-05-26 08:18:17.552831744,7,8160,233,32
16.65111,-88.535112,2026-05-26 08:18:29.3855360,7,7121,259,11
24.152632,-88.907401,2026-05-26 08:18:29.886781952,7,6543,193,23
25.139764,-86.928241,2026-05-26 08:18:30.505464832,7,12360,227,10
24.913962,-89.305546,2026-05-26 08:18:30.596943360,7,13733,180,10
16.744741,-88.532805,2026-05-26 08:18:31.80445440,7,8097,258,12
16.746626,-88.528413,2026-05-26 08:18:31.755200512,7,8634,261,12
25.628308,-86.585382,2026-05-26 08:18:32.700760576,7,7561,232,20
23.651674,-88.897483,2026-05-26 08:18:34.588242944,7,3381,248,19
24.933503,-89.328083,2026-05-26 08:18:34.901665792,7,10807,183,13
25.08606,-88.412805,2026-05-26 08:18:35.560582656,7,1882,175,29
25.094868,-88.395598,2026-05-26 08:18:35.838144000,7,5503,229,11
23.530937,-87.133581,2026-05-26 08:18:37.166292736,7,4529,248,28
25.12119,-86.888921,2026-05-26 08:18:38.930465536,7,3809,264,22
25.063867,-86.888631,2026-05-26 08:18:38.930440704,7,7863,224,13
16.508146,-88.514362,2026-05-26 08:18:38.967012352,7,3040,262,17
25.141189,-86.877579,2026-05-26 08:18:38.979511040,7,8475,235,24
25.07497,-86.89656,2026-05-26 08:18:39.441782784,7,1696,224,28
25.174626,-86.895227,2026-05-26 08:18:39.598508800,7,8247,219,13
24.969292,-89.330577,2026-05-26 08:18:40.642916864,7,2020,177,22
16.585399,-88.546556,2026-05-26 08:18:41.933522176,7,11297,259,16
16.740075,-88.525292,2026-05-26 08:18:44.319824128,7,5050,261,11
24.095374,-88.911376,2026-05-26 08:18:52.926625792,7,3596,225,18
24.601341,-87.280557,2026-05-26 08:18:54.542658816,7,3087,198,21
24.576532,-87.270725,2026-05-26 08:18:54.542658816,7,6800,198,15
24.903235,-86.92421,2026-05-26 08:18:54.624248064,7,5536,266,25
25.026793,-86.986686,2026-05-26 08:18:54.910775040,7,1167,268,23
25.122714,-86.894231,2026-05-26 08:18:55.445330688,7,11944,233,15
29.111209,117.564925,2026-05-26 08:15:10.55955712,9,3902,256,19
-0.13507,109.251942,2026-05-26 08:15:13.893609472,9,14903,220,18
30.916922,-103.908134,2026-05-26 08:15:27.320421376,9,12148,236,14
28.753286,115.430994,2026-05-26 08:15:50.414876416,9,10981,263,13
42.666381,-97.935295,2026-05-26 08:16:24.285519872,9,6570,162,15
30.999154,-104.976074,2026-05-26 08:16:25.506136320,9,10622,249,11
28.760255,115.89458,2026-05-26 08:16:46.185512704,9,8887,261,17
23.619554,126.083778,2026-05-26 08:16:48.224250624,9,9279,207,15
29.150129,117.685146,2026-05-26 08:17:57.658783232,9,5387,238,19
30.077747,121.32519,2026-05-26 08:18:00.653000448,9,7058,234,36
30.060733,121.426546,2026-05-26 08:18:00.783708416,9,3339,222,16
16.429415,115.482322,2026-05-26 08:18:01.621059840,9,12802,224,19
28.645021,116.001939,2026-05-26 08:18:07.51890176,9,11961,245,15
28.772556,115.593103,2026-05-26 08:18:42.11571200,9,12196,247,13
48.949598,-3.697723,2026-05-26 14:15:06.324410368,1,14931,165,20
26.45675,8.752531,2026-05-26 14:15:07.848686336,1,4339,268,34
53.47679,-1.336947,2026-05-26 14:15:08.77821184,1,7789,133,38
53.481821,-1.381904,2026-05-26 14:15:08.433246464,1,7675,108,73
53.484712,-1.370999,2026-05-26 14:15:08.433245696,1,7782,166,52
53.467938,-1.373085,2026-05-26 14:15:08.433253888,1,3289,174,30
53.473949,-1.403747,2026-05-26 14:15:08.463467520,1,13531,113,82
53.473672,-1.383143,2026-05-26 14:15:08.463468544,1,7786,180,69
53.476096,-1.38721,2026-05-26 14:15:08.463468544,1,12851,118,52
53.426669,-1.383173,2026-05-26 14:15:08.463485696,1,11298,140,33
49.364765,38.403989,2026-05-26 14:15:19.234181120,1,7255,257,32
49.365524,38.347758,2026-05-26 14:15:19.242914560,1,8991,247,32
49.306261,38.530815,2026-05-26 14:15:19.248985088,1,13139,267,28
46.432986,6.149407,2026-05-26 14:15:27.245684736,1,13719,105,81
46.542857,6.135682,2026-05-26 14:15:27.245709312,1,13342,237,90
46.540076,6.110436,2026-05-26 14:15:27.246758912,1,5347,75,79
46.532703,6.116971,2026-05-26 14:15:27.246762240,1,4177,75,82
46.545438,6.126645,2026-05-26 14:15:27.246766336,1,6515,137,93
46.545679,6.118541,2026-05-26 14:15:27.246766080,1,10787,110,87
46.543458,6.110945,2026-05-26 14:15:27.246769920,1,5768,82,77
46.533045,6.113535,2026-05-26 14:15:27.246771456,1,8998,151,81
24.431527,-86.981714,2026-05-26 14:15:36.361687296,1,11558,211,30
23.323651,-86.499132,2026-05-26 14:15:39.437115136,1,12213,195,35
48.904734,-3.601851,2026-05-26 14:15:47.918195200,1,5753,206,32
46.552209,6.183371,2026-05-26 14:16:19.54276608,1,12561,210,21
46.99189,39.912832,2026-05-26 14:16:19.86276864,1,7015,261,32
47.013094,39.843215,2026-05-26 14:16:19.86290432,1,9855,255,20
37.17533,-70.90153,2026-05-26 14:16:28.381106688,1,13099,248,26
54.002116,40.735223,2026-05-26 14:16:46.406169856,1,6067,265,48
32.216476,-102.03741,2026-05-26 14:16:55.874354176,1,12296,202,23
28.583971,117.19066,2026-05-26 14:15:12.488743680,2,4712,240,24
28.140263,117.383981,2026-05-26 14:15:19.739057408,2,14956,253,21
28.785653,120.766741,2026-05-26 14:15:25.394686464,2,7528,231,28
28.504252,116.654777,2026-05-26 14:15:26.317113856,2,10358,242,18
28.190988,117.303948,2026-05-26 14:15:29.541960960,2,5825,260,29
-2.838381,109.454633,2026-05-26 14:15:31.139084800,2,14645,222,33
28.146269,117.826792,2026-05-26 14:15:34.706347008,2,11411,248,23
28.143774,117.833346,2026-05-26 14:15:34.851502336,2,9231,248,21
28.487922,116.630675,2026-05-26 14:15:52.6370816,2,8202,255,37
28.517365,116.641145,2026-05-26 14:15:53.795362816,2,11505,243,22
9.454737,120.251342,2026-05-26 14:16:12.563182080,2,5561,226,24
4.983617,106.959598,2026-05-26 14:16:19.620885760,2,14887,247,23
-22.033772,-173.90598,2026-05-26 14:16:20.709111296,2,13137,209,18
28.083117,117.347962,2026-05-26 14:16:21.594499072,2,6381,265,30
27.804461,108.65954,2026-05-26 14:16:24.842879488,2,9435,255,33
28.466806,116.320815,2026-05-26 14:16:35.100608768,2,6622,266,30
28.508011,116.558286,2026-05-26 14:16:35.220404224,2,6361,243,27
28.114622,117.547802,2026-05-26 14:16:36.387048192,2,12757,251,19
28.209143,117.580035,2026-05-26 14:16:36.450808832,2,13314,238,21
-6.504844,107.925845,2026-05-26 14:16:47.44789248,2,10510,224,36
29.286938,121.834259,2026-05-26 14:16:58.597621248,2,12855,227,31
32.826821,-99.080072,2026-05-26 14:15:00.492356864,3,7194,205,35
32.819545,-99.089634,2026-05-26 14:15:00.492349440,3,13231,205,21
25.346514,-87.708535,2026-05-26 14:15:02.778440448,3,13799,175,41
30.952658,-102.584347,2026-05-26 14:15:06.627569664,3,12626,249,36
31.202471,-102.395816,2026-05-26 14:15:06.627677696,3,11963,243,24
30.436581,-102.879235,2026-05-26 14:15:06.695181568,3,5651,226,26
24.837466,-97.711544,2026-05-26 14:15:07.106439424,3,7187,129,66
24.96761,-97.67547,2026-05-26 14:15:07.106516736,3,6247,252,49
24.973832,-97.675971,2026-05-26 14:15:07.106517504,3,9822,251,30
26.598076,-98.123202,2026-05-26 14:15:12.285272832,3,13190,240,50
26.507821,-98.21347,2026-05-26 14:15:12.285274368,3,8164,244,40
26.488521,-98.235792,2026-05-26 14:15:12.285263872,3,12740,244,24
23.948116,-87.331032,2026-05-26 14:15:13.484486144,3,12015,236,18
23.89695,-87.371979,2026-05-26 14:15:13.548150528,3,6414,243,23
23.879506,-87.358673,2026-05-26 14:15:13.612168704,3,10349,236,16
23.925177,-87.353167,2026-05-26 14:15:13.703109376,3,6667,242,34
16.976773,-84.503662,2026-05-26 14:15:15.561256192,3,5806,261,87
31.216813,-102.091788,2026-05-26 14:15:22.742550272,3,11809,107,94
31.316466,-102.033917,2026-05-26 14:15:22.742595840,3,13255,224,76
31.366332,-102.097866,2026-05-26 14:15:22.742623488,3,7312,226,63
31.355668,-102.093918,2026-05-26 14:15:22.742627328,3,7727,234,50
31.272231,-102.104238,2026-05-26 14:15:22.819173376,3,10720,124,58
31.306263,-102.105847,2026-05-26 14:15:22.819219456,3,4129,224,50
31.359372,-102.092141,2026-05-26 14:15:22.819236864,3,6587,234,33
31.168841,-102.028744,2026-05-26 14:15:22.859870464,3,4917,218,39
31.342917,-102.056409,2026-05-26 14:15:22.859927808,3,7331,249,26
31.177415,-102.052608,2026-05-26 14:15:22.899852032,3,5838,191,51
31.285025,-102.094418,2026-05-26 14:15:22.899890688,3,6152,216,36
31.163575,-102.064049,2026-05-26 14:15:22.933257728,3,4346,201,37
31.418676,-101.950618,2026-05-26 14:15:22.933358592,3,7011,244,25
30.901743,-102.485182,2026-05-26 14:15:23.166711808,3,13186,187,48
31.128741,-102.515323,2026-05-26 14:15:23.166776576,3,4985,245,33
30.985397,-102.561227,2026-05-26 14:15:23.210194944,3,9073,227,18
31.076752,-102.540329,2026-05-26 14:15:23.210262528,3,12198,218,36
30.909646,-102.518189,2026-05-26 14:15:23.254290176,3,4209,246,43
31.18826,-102.361362,2026-05-26 14:15:23.254413568,3,7054,245,30
30.944709,-102.448939,2026-05-26 14:15:23.288753664,3,5196,197,51
31.076349,-102.54106,2026-05-26 14:15:23.288780288,3,4932,217,38
30.915986,-102.549503,2026-05-26 14:15:23.328142080,3,9485,231,41
31.093182,-102.534069,2026-05-26 14:15:23.328203264,3,5630,225,28
30.933022,-102.460897,2026-05-26 14:15:23.610956288,3,8428,187,57
31.094857,-102.447403,2026-05-26 14:15:23.611012864,3,10024,211,49
31.565773,-96.665517,2026-05-26 14:15:34.349108992,3,14651,81,45
31.65257,-96.670427,2026-05-26 14:15:34.349176320,3,7729,241,25
24.339553,-86.944001,2026-05-26 14:15:36.361615360,3,7631,231,82
25.785209,-87.933527,2026-05-26 14:15:36.551027456,3,14452,264,33
25.892629,-88.012613,2026-05-26 14:15:36.551057408,3,14856,267,22
25.719648,-87.996238,2026-05-26 14:15:36.672506368,3,9654,214,35
25.93683,-87.968438,2026-05-26 14:15:36.672587264,3,5887,267,28
26.422998,-98.225586,2026-05-26 14:15:37.89787136,3,5385,139,67
23.287859,-86.486281,2026-05-26 14:15:39.437107456,3,3330,244,91
30.035567,-93.450987,2026-05-26 14:15:47.419717376,3,8625,172,39
30.081668,-93.386953,2026-05-26 14:15:47.419743744,3,14446,200,24
23.510272,-87.940704,2026-05-26 14:15:48.291615232,3,7825,198,26
23.522837,-87.937284,2026-05-26 14:15:48.386476800,3,8630,246,19
31.0484,-102.533846,2026-05-26 14:15:48.631698944,3,13055,218,22
25.169205,-97.448153,2026-05-26 14:15:48.889342976,3,12787,244,39
30.1277,-103.021237,2026-05-26 14:15:49.463656960,3,13783,242,27
21.287212,-87.225541,2026-05-26 14:15:51.837283840,3,3786,229,35
25.950472,-97.781952,2026-05-26 14:15:54.61609984,3,12869,267,25
31.180348,-102.169653,2026-05-26 14:15:58.871470592,3,9463,182,38
31.329266,-102.210407,2026-05-26 14:15:58.871512064,3,14029,216,32
31.10943,-102.308307,2026-05-26 14:15:58.909096192,3,12984,224,16
31.191635,-102.11313,2026-05-26 14:15:59.457478144,3,4682,191,55
31.311886,-102.159933,2026-05-26 14:15:59.457515264,3,7815,213,43
31.333876,-102.156525,2026-05-26 14:15:59.457531904,3,12392,223,27
23.917524,-87.365373,2026-05-26 14:15:59.727632640,3,7418,236,21
23.906386,-87.420315,2026-05-26 14:15:59.868694784,3,7398,243,17
31.88427,-102.045322,2026-05-26 14:16:01.695107328,3,3931,230,39
32.016613,-102.075827,2026-05-26 14:16:01.695145728,3,6638,212,43
33.176717,-102.076404,2026-05-26 14:16:07.939776,3,6122,270,47
33.218993,-101.967221,2026-05-26 14:16:07.1005056,3,5663,248,34
33.304989,-101.759505,2026-05-26 14:16:08.261898752,3,12763,156,47
33.360289,-101.703908,2026-05-26 14:16:08.261932032,3,13921,200,36
23.904099,-87.007099,2026-05-26 14:16:10.901620736,3,6037,232,41
23.931036,-87.030742,2026-05-26 14:16:10.901621760,3,13528,232,33
31.626019,-101.922452,2026-05-26 14:16:11.509226752,3,10749,219,22
31.687783,-101.827934,2026-05-26 14:16:11.560041216,3,9108,222,39
25.378944,-87.686592,2026-05-26 14:16:11.571701504,3,14219,219,26
25.502245,-87.763647,2026-05-26 14:16:11.571749632,3,5884,269,25
31.651905,-101.845428,2026-05-26 14:16:11.612133632,3,11880,120,67
31.689999,-101.839994,2026-05-26 14:16:11.612174592,3,3444,221,57
31.542362,-101.785617,2026-05-26 14:16:11.703768320,3,5863,210,25
31.781455,-101.709201,2026-05-26 14:16:11.703857920,3,8353,242,22
25.084095,-97.595533,2026-05-26 14:16:12.23043840,3,8199,245,62
23.344475,-85.876818,2026-05-26 14:16:21.442394880,3,8088,244,35
23.37612,-85.8914,2026-05-26 14:16:21.442443008,3,4418,254,63
23.408325,-85.898102,2026-05-26 14:16:21.442452992,3,11527,250,49
23.156474,-85.791311,2026-05-26 14:16:21.481125376,3,5808,256,34
32.646467,-99.215409,2026-05-26 14:16:22.489454848,3,13940,166,23
32.69752,-99.041766,2026-05-26 14:16:22.628054016,3,5112,155,38
32.809403,-99.066736,2026-05-26 14:16:22.628089344,3,7493,235,24
24.120947,-86.931589,2026-05-26 14:16:24.769069568,3,7314,241,21
26.36122,-98.22705,2026-05-26 14:16:26.738608896,3,8855,164,16
31.088216,-102.023241,2026-05-26 14:16:34.203141632,3,6259,243,21
31.339002,-101.90766,2026-05-26 14:16:34.203239680,3,12205,244,16
25.170742,-97.444941,2026-05-26 14:16:34.687629568,3,11750,244,41
31.495089,-101.875468,2026-05-26 14:16:44.605027584,3,3715,178,42
31.635022,-101.934633,2026-05-26 14:16:44.605065728,3,8527,213,29
23.292314,-88.87761,2026-05-26 14:16:44.625309952,3,10483,244,43
30.612078,-102.675067,2026-05-26 14:16:45.35347456,3,10865,232,50
30.83143,-102.61967,2026-05-26 14:16:45.35458048,3,9779,220,34
30.854416,-102.618783,2026-05-26 14:16:45.35473152,3,9008,228,21
32.202463,-101.591954,2026-05-26 14:16:45.631162624,3,8568,269,27
32.101916,-101.54187,2026-05-26 14:16:45.937661184,3,9899,199,27
23.813782,-87.899765,2026-05-26 14:16:46.77950208,3,12277,194,29
30.861833,-102.447168,2026-05-26 14:16:48.711701760,3,8171,190,41
31.046914,-102.523431,2026-05-26 14:16:48.711755264,3,12912,219,26
7.693984,-84.479442,2026-05-26 14:16:49.877021952,3,5037,246,32
23.907552,-87.378975,2026-05-26 14:16:50.429638144,3,5402,236,21
24.213506,-86.659144,2026-05-26 14:16:53.197626624,3,10181,239,54
31.971795,-102.192271,2026-05-26 14:16:55.874259968,3,4379,251,25
28.61979,117.144545,2026-05-26 14:15:12.488732160,4,9837,248,29
28.140266,117.383935,2026-05-26 14:15:19.739057408,4,14955,253,22
28.785653,120.766741,2026-05-26 14:15:25.394686464,4,7528,231,31
28.521069,116.713278,2026-05-26 14:15:26.317133824,4,9001,256,20
28.003733,117.603353,2026-05-26 14:15:26.910172928,4,13783,238,20
28.146269,117.826792,2026-05-26 14:15:34.706347008,4,11411,248,24
28.143774,117.833346,2026-05-26 14:15:34.851502336,4,9231,248,20
28.517365,116.641145,2026-05-26 14:15:53.795370752,4,11505,243,23
46.668097,6.066189,2026-05-26 14:15:53.894252544,4,5926,159,32
27.830609,108.676696,2026-05-26 14:16:24.842883072,4,12516,255,38
28.466573,116.320286,2026-05-26 14:16:35.100608768,4,6622,266,30
28.520119,116.53044,2026-05-26 14:16:35.220394496,4,9028,250,20
28.114622,117.547802,2026-05-26 14:16:36.387048192,4,12757,251,18
28.208791,117.579316,2026-05-26 14:16:36.450808832,4,13314,238,19
17.357298,-84.729542,2026-05-26 14:16:42.439053312,4,12067,266,19
28.058336,117.478455,2026-05-26 14:16:45.500298496,4,10511,265,36
29.256744,121.77519,2026-05-26 14:16:58.597596672,4,12834,229,38
29.288605,121.869793,2026-05-26 14:16:58.597618432,4,8918,220,27
25.209956,-87.799739,2026-05-26 14:15:02.778400512,7,14911,221,15
24.801598,-97.785655,2026-05-26 14:15:07.106450944,7,7898,178,24
26.34125,-98.332914,2026-05-26 14:15:12.285213696,7,13180,163,21
23.835155,-87.336062,2026-05-26 14:15:13.484466176,7,8717,237,16
23.912434,-87.376218,2026-05-26 14:15:13.548154624,7,5879,242,13
23.66528,-87.360419,2026-05-26 14:15:13.703011584,7,5988,239,15
16.986655,-84.537632,2026-05-26 14:15:15.561268736,7,9270,234,28
25.609212,-97.974609,2026-05-26 14:15:20.128078592,7,3434,142,34
25.599791,-98.046111,2026-05-26 14:15:20.234484480,7,9188,156,17
24.171074,-86.965972,2026-05-26 14:15:36.361587968,7,3089,233,28
25.709855,-87.99713,2026-05-26 14:15:36.672505600,7,7203,214,16
26.346421,-98.313889,2026-05-26 14:15:37.89786880,7,6125,162,25
26.494929,-98.226363,2026-05-26 14:15:37.89841920,7,9918,257,13
23.279334,-86.488792,2026-05-26 14:15:39.437104896,7,7992,244,31
23.514528,-87.951592,2026-05-26 14:15:48.291612160,7,5527,197,15
24.849593,-97.686199,2026-05-26 14:15:48.889252864,7,11275,147,13
24.83389,-97.790144,2026-05-26 14:16:12.210779136,7,14756,150,13
23.302724,-85.962195,2026-05-26 14:16:21.442410240,7,3579,246,24
23.271001,-85.797061,2026-05-26 14:16:21.481151232,7,14739,245,14
10.503488,-79.122815,2026-05-26 14:16:25.475647744,7,4350,260,28
26.593438,-98.142654,2026-05-26 14:16:26.738699264,7,7688,227,26
26.359253,-98.334232,2026-05-26 14:16:26.783551488,7,5127,166,16
24.825564,-97.74674,2026-05-26 14:16:30.610953472,7,10402,147,27
26.024607,-98.256619,2026-05-26 14:16:30.968046336,7,6265,159,15
26.032395,-98.259768,2026-05-26 14:16:31.5787648,7,6317,162,15
25.595127,-98.043286,2026-05-26 14:16:32.19940096,7,8988,153,15
24.91263,-97.710767,2026-05-26 14:16:34.687526400,7,10135,146,21
23.224642,-85.775077,2026-05-26 14:16:38.798796544,7,12809,213,12
23.179587,-85.811332,2026-05-26 14:16:38.798819584,7,6464,209,20
23.543445,-87.960691,2026-05-26 14:16:41.786035968,7,7881,231,14
23.508161,-88.889833,2026-05-26 14:16:44.625396736,7,7252,229,14
23.909705,-87.994035,2026-05-26 14:16:46.77991936,7,12573,198,15
23.775479,-87.319002,2026-05-26 14:16:50.384586752,7,8028,238,13
24.868339,-97.634082,2026-05-26 14:16:56.65547008,7,11697,150,18
26.419151,8.744244,2026-05-26 14:15:07.848671488,5,7095,269,18
8.845538,-6.352958,2026-05-26 14:15:51.541445888,5,5040,230,17
28.181606,117.360485,2026-05-26 14:15:11.397742592,9,6261,252,13
28.53291,117.044616,2026-05-26 14:15:12.224534784,9,8769,253,12
28.760615,120.833266,2026-05-26 14:15:25.394695936,9,3456,223,24
28.002741,117.672138,2026-05-26 14:15:26.910183168,9,5899,250,20
28.483613,116.665448,2026-05-26 14:15:52.6382336,9,6167,255,37
28.423173,116.53885,2026-05-26 14:15:54.6231040,9,6565,257,13
28.52409,117.069283,2026-05-26 14:15:56.497184768,9,8522,253,17
28.743467,120.733465,2026-05-26 14:16:11.963173120,9,7214,223,13
29.371633,120.532049,2026-05-26 14:16:16.748130048,9,4004,225,18
29.370621,120.599852,2026-05-26 14:16:34.850734848,9,6010,225,17
28.494563,116.594047,2026-05-26 14:16:35.13451520,9,8727,243,16
28.562219,116.408874,2026-05-26 14:16:35.100651264,9,7193,251,29
28.2358,117.621503,2026-05-26 14:16:36.450825216,9,4725,250,20
29.288597,121.869763,2026-05-26 14:16:58.597623296,9,8918,226,28
52.959683,-0.866454,2026-05-26 16:25:00.917727744,1,6316,160,53
52.950406,-0.86844,2026-05-26 16:25:00.917733376,1,10954,109,40
52.949728,-0.876684,2026-05-26 16:25:00.917735424,1,13912,186,22
52.982821,-0.852566,2026-05-26 16:25:08.783388928,1,13333,138,21
52.985396,-0.870363,2026-05-26 16:25:08.788342272,1,6399,142,18
52.985745,-0.890724,2026-05-26 16:25:08.816193536,1,13514,134,22
52.984694,-0.913037,2026-05-26 16:25:08.957473280,1,4663,135,13
52.97191,-0.8663,2026-05-26 16:25:09.54199296,1,7546,164,25
48.382491,-3.927209,2026-05-26 16:25:09.857132544,1,5128,232,18
53.005851,-0.949923,2026-05-26 16:25:10.558502144,1,10674,109,22
25.486041,7.406707,2026-05-26 16:25:11.293460736,1,8818,251,20
48.60052,-4.04301,2026-05-26 16:25:11.668596992,1,7768,233,64
48.587341,-4.194911,2026-05-26 16:25:11.668598272,1,12762,170,46
53.014798,-0.890791,2026-05-26 16:25:13.125156608,1,5860,138,22
53.040313,-0.817506,2026-05-26 16:25:13.263568128,1,9592,157,48
47.751351,-72.915443,2026-05-26 16:25:13.264246272,1,9652,77,24
53.046144,-0.863945,2026-05-26 16:25:13.307432704,1,5856,141,23
53.065855,-0.82068,2026-05-26 16:25:13.489430784,1,5296,144,22
46.545108,7.309717,2026-05-26 16:25:14.474478080,1,8947,106,18
48.580939,-3.661348,2026-05-26 16:25:14.882673152,1,6275,228,53
53.028354,-0.929887,2026-05-26 16:25:22.69940224,1,14914,137,31
53.023474,-0.895925,2026-05-26 16:25:22.247502848,1,7070,111,21
53.022691,-0.889591,2026-05-26 16:25:22.250121216,1,7814,142,15
53.07486,-0.937357,2026-05-26 16:25:22.592521472,1,11443,110,37
53.031555,-0.921236,2026-05-26 16:25:22.599163136,1,7480,109,50
53.02068,-0.922717,2026-05-26 16:25:22.599168256,1,8085,112,48
53.008325,-0.913857,2026-05-26 16:25:22.599174400,1,4943,187,25
53.024332,-0.933073,2026-05-26 16:25:22.715351552,1,4830,158,17
52.964527,-0.841591,2026-05-26 16:25:23.814315520,1,3515,138,15
52.97307,-0.867467,2026-05-26 16:25:23.828520448,1,6018,160,21
53.026281,-0.886416,2026-05-26 16:25:26.766128896,1,8053,143,16
53.010185,-0.952214,2026-05-26 16:25:26.787776000,1,5310,135,24
48.682171,-3.98464,2026-05-26 16:25:35.223006720,1,4955,228,70
48.684912,-4.005081,2026-05-26 16:25:35.223006720,1,7278,234,280
48.679264,-4.024248,2026-05-26 16:25:35.223007232,1,8623,164,261
48.674344,-4.039217,2026-05-26 16:25:35.223001856,1,11570,147,244
48.694567,-4.029985,2026-05-26 16:25:35.223009792,1,4202,224,224
48.67737,-4.033506,2026-05-26 16:25:35.223009536,1,4465,171,210
48.68545,-4.021861,2026-05-26 16:25:35.223012608,1,3003,222,192
48.679635,-4.0415,2026-05-26 16:25:35.223006464,1,6248,180,179
52.988676,-0.84429,2026-05-26 16:25:43.584896768,1,7808,139,20
52.713341,-2.669118,2026-05-26 16:25:43.787038464,1,3928,188,17
52.956302,-0.805739,2026-05-26 16:25:45.393682176,1,11083,166,30
53.025174,-0.890114,2026-05-26 16:25:53.852488448,1,5712,159,18
53.017214,-0.885725,2026-05-26 16:25:54.80291328,1,9096,138,68
53.024717,-0.870221,2026-05-26 16:25:54.80294656,1,10672,164,54
53.088069,-0.968776,2026-05-26 16:25:54.80345856,1,11635,108,41
53.033298,-0.855757,2026-05-26 16:25:54.89734656,1,9160,120,88
53.033195,-0.856286,2026-05-26 16:25:54.89736448,1,8467,111,68
53.016828,-0.828355,2026-05-26 16:25:54.89747456,1,8657,186,54
53.039806,-0.919907,2026-05-26 16:25:54.89773056,1,6113,219,34
53.039232,-0.76514,2026-05-26 16:25:54.97354496,1,4161,122,29
53.035746,-0.822477,2026-05-26 16:25:54.97352960,1,9902,125,24
53.011891,-0.96198,2026-05-26 16:25:57.385764096,1,3089,134,81
53.013001,-0.939163,2026-05-26 16:25:57.385767936,1,6750,148,73
52.986732,-1.017783,2026-05-26 16:25:57.385777152,1,7709,114,59
53.003885,-0.970784,2026-05-26 16:25:57.385788160,1,7463,84,46
52.997021,-0.934861,2026-05-26 16:25:57.391368704,1,4250,139,31
52.99961,-0.909889,2026-05-26 16:25:57.516245760,1,3533,136,22
52.709853,-2.655884,2026-05-26 16:25:57.892418816,1,3997,121,25
27.459759,-92.189236,2026-05-26 16:25:58.694066688,1,9738,209,25
48.64344,-3.779641,2026-05-26 16:25:59.435977728,1,14782,237,83
48.648676,-3.780686,2026-05-26 16:25:59.435994368,1,7384,143,61
48.647646,-3.794681,2026-05-26 16:25:59.435995648,1,3214,169,44
52.983639,-0.897271,2026-05-26 16:26:07.468792064,1,12051,136,40
52.975466,-0.863852,2026-05-26 16:26:07.468787200,1,4212,154,22
53.007073,-0.903043,2026-05-26 16:26:07.597721856,1,12102,149,76
52.987828,-0.927298,2026-05-26 16:26:07.597717504,1,8119,106,61
53.010781,-0.953202,2026-05-26 16:26:07.597713920,1,7913,234,41
52.985534,-1.014294,2026-05-26 16:26:07.597713408,1,7718,241,26
52.979177,-0.898325,2026-05-26 16:26:07.610294528,1,11216,136,34
52.970047,-0.805455,2026-05-26 16:26:08.396397312,1,9442,140,26
52.724535,-2.643162,2026-05-26 16:26:08.494304768,1,12775,127,15
48.414404,-3.839974,2026-05-26 16:26:08.505154560,1,9469,160,44
48.403765,-3.838323,2026-05-26 16:26:08.505222912,1,14491,146,26
53.077236,-0.930479,2026-05-26 16:26:08.723305216,1,6907,139,18
53.028465,-0.95018,2026-05-26 16:26:10.343450880,1,7571,165,23
53.037661,-0.883745,2026-05-26 16:26:10.345080320,1,4912,144,20
53.030936,-0.902743,2026-05-26 16:26:10.451507968,1,3333,154,31
53.030853,-0.903977,2026-05-26 16:26:10.451504640,1,6230,123,21
52.999719,-0.979697,2026-05-26 16:26:10.523166464,1,9427,110,74
53.003789,-0.918452,2026-05-26 16:26:10.523160576,1,10913,153,60
52.998694,-0.985995,2026-05-26 16:26:10.523163648,1,14289,114,47
53.083333,-0.843492,2026-05-26 16:26:10.762871296,1,8731,210,34
53.009945,-0.868388,2026-05-26 16:26:10.762897408,1,9167,174,21
48.610379,-3.67639,2026-05-26 16:26:10.780189952,1,7492,160,116
48.614793,-3.670667,2026-05-26 16:26:10.780191232,1,7210,184,111
52.977343,-0.831649,2026-05-26 16:26:10.781673984,1,13834,147,105
53.018512,-0.904709,2026-05-26 16:26:18.896555264,1,5943,114,89
52.987593,-0.89682,2026-05-26 16:26:18.896566272,1,7071,102,76
52.981104,-0.891165,2026-05-26 16:26:18.896567808,1,13462,102,63
53.012103,-0.907215,2026-05-26 16:26:18.896562944,1,7548,234,41
52.898687,-0.715185,2026-05-26 16:26:18.896621824,1,9592,211,28
59.522274,18.171608,2026-05-26 16:26:19.635165952,1,14159,108,29
59.543231,18.151778,2026-05-26 16:26:19.646287104,1,7795,127,38
59.540722,18.194249,2026-05-26 16:26:19.646293504,1,7927,98,22
53.057794,-0.885109,2026-05-26 16:26:20.395368960,1,3787,165,46
53.059399,-0.890112,2026-05-26 16:26:20.395370496,1,5865,119,30
53.030579,-0.876677,2026-05-26 16:26:20.401005056,1,4083,139,24
45.588403,2.096656,2026-05-26 16:26:23.114491648,1,6951,76,112
45.618009,2.122761,2026-05-26 16:26:23.114508288,1,7146,183,94
45.654178,2.237778,2026-05-26 16:26:23.114538496,1,14579,262,81
45.553416,2.071507,2026-05-26 16:26:23.114498560,1,5712,258,67
45.59461,2.066349,2026-05-26 16:26:23.114518016,1,10182,127,52
45.572276,2.089753,2026-05-26 16:26:23.114551808,1,12762,212,30
52.97051,-0.877303,2026-05-26 16:26:23.383697664,1,11079,118,29
52.984066,-0.863922,2026-05-26 16:26:23.426254080,1,2341,159,28
53.048877,-0.82759,2026-05-26 16:26:24.699888640,1,11398,201,16
30.438821,-6.580733,2026-05-26 16:26:24.805052928,1,4272,215,47
53.044496,-0.818325,2026-05-26 16:26:24.989915648,1,8119,143,24
52.992457,-0.905344,2026-05-26 16:26:24.994893568,1,7563,136,41
52.984931,-0.85242,2026-05-26 16:26:24.994907136,1,6258,169,28
53.032742,-0.908551,2026-05-26 16:26:26.586403072,1,14057,138,25
53.019309,-0.923981,2026-05-26 16:26:26.637123584,1,5107,136,28
53.033911,-0.92296,2026-05-26 16:26:35.610792192,1,10975,115,16
53.023639,-0.919052,2026-05-26 16:26:35.617334528,1,12917,137,14
53.027969,-0.877539,2026-05-26 16:26:35.739405312,1,6915,139,26
52.695121,-2.788908,2026-05-26 16:26:44.776787968,1,9451,190,25
52.703552,-2.771872,2026-05-26 16:26:44.787524352,1,6816,176,61
52.695437,-2.739894,2026-05-26 16:26:44.787527680,1,14299,98,51
52.705462,-2.850066,2026-05-26 16:26:44.787575808,1,14881,200,27
52.708195,-2.734287,2026-05-26 16:26:44.806962688,1,4567,111,34
52.715247,-2.755984,2026-05-26 16:26:44.863853824,1,3770,126,25
52.68458,-2.763096,2026-05-26 16:26:44.936582400,1,4447,189,25
53.001408,-0.957116,2026-05-26 16:26:45.327039488,1,5457,134,27
52.982533,-0.893722,2026-05-26 16:26:45.629924352,1,12925,112,82
52.975597,-0.921993,2026-05-26 16:26:45.629918208,1,9252,142,84
52.983287,-0.93241,2026-05-26 16:26:45.629925120,1,9041,109,72
52.969038,-0.881544,2026-05-26 16:26:45.629933312,1,7662,187,53
52.996955,-0.911642,2026-05-26 16:26:45.815536384,1,5038,144,40
52.985261,-0.867151,2026-05-26 16:26:45.815545088,1,3728,115,26
53.03286,-0.867287,2026-05-26 16:26:48.230549504,1,4005,140,26
52.723784,-2.639617,2026-05-26 16:26:49.140951808,1,12566,144,22
45.095934,2.710245,2026-05-26 16:26:50.785204992,1,10253,59,29
45.109944,2.73299,2026-05-26 16:26:50.786186496,1,11463,88,33
45.120328,2.727641,2026-05-26 16:26:50.787821824,1,14123,135,29
45.110043,2.705204,2026-05-26 16:26:50.790551808,1,12571,131,31
45.122856,2.732655,2026-05-26 16:26:50.799298816,1,4519,58,96
45.127635,2.728341,2026-05-26 16:26:50.799302144,1,8252,57,80
45.088141,2.677835,2026-05-26 16:26:50.801471744,1,7052,91,77
45.161374,2.729107,2026-05-26 16:26:50.801470720,1,5717,133,111
45.119896,2.785593,2026-05-26 16:26:50.801469952,1,10746,108,101
45.127886,2.715971,2026-05-26 16:26:50.801483776,1,11781,96,89
45.137289,2.728908,2026-05-26 16:26:50.801488896,1,4618,153,76
45.11966,2.730077,2026-05-26 16:26:50.801489408,1,3902,105,64
45.130271,2.723587,2026-05-26 16:26:50.801491456,1,8384,105,51
45.132268,2.740223,2026-05-26 16:26:50.801526272,1,12917,118,19
45.119633,2.759891,2026-05-26 16:26:50.814785024,1,10125,57,22
45.211161,2.817546,2026-05-26 16:26:50.814813952,1,8770,242,32
51.573894,-1.768775,2026-05-26 16:26:51.325379584,1,13012,147,19
48.63666,-4.075243,2026-05-26 16:26:51.377165056,1,8249,180,21
48.640029,-4.017507,2026-05-26 16:26:51.391901696,1,10291,232,18
52.783558,-2.573891,2026-05-26 16:26:53.320851712,1,6403,129,18
52.713844,-2.634775,2026-05-26 16:26:53.733246464,1,4557,168,28
52.999736,-0.892801,2026-05-26 16:26:54.544436480,1,7620,137,35
53.000093,-0.899887,2026-05-26 16:26:54.544429312,1,8205,149,20
53.012349,-0.918519,2026-05-26 16:26:54.553040384,1,10272,136,24
48.423798,-3.944988,2026-05-26 16:26:55.481975808,1,7190,164,27
48.633912,-3.82552,2026-05-26 16:26:56.969169920,1,13819,188,37
53.020587,-0.866344,2026-05-26 16:27:06.169585152,1,11385,160,17
48.638045,-3.646465,2026-05-26 16:27:06.388615936,1,11932,155,14
52.976671,-0.809736,2026-05-26 16:27:07.290564096,1,12003,162,15
52.975816,-0.798455,2026-05-26 16:27:07.391676416,1,5198,140,72
52.976826,-0.853213,2026-05-26 16:27:07.391679744,1,5400,164,61
52.961541,-0.805603,2026-05-26 16:27:07.391688704,1,4126,125,47
52.964152,-0.862147,2026-05-26 16:27:07.391693056,1,6688,107,35
52.715012,-2.738105,2026-05-26 16:27:07.485271296,1,4635,131,48
52.710909,-2.734995,2026-05-26 16:27:07.485271040,1,3068,109,32
33.004543,-81.899156,2026-05-26 16:27:07.573094144,1,13310,124,24
53.073761,-0.864787,2026-05-26 16:27:08.345380608,1,10228,142,18
53.020449,-0.885708,2026-05-26 16:27:08.398497792,1,7543,163,21
52.998654,-0.941578,2026-05-26 16:27:08.399425024,1,12246,86,19
53.000241,-0.939171,2026-05-26 16:27:08.399417856,1,9096,107,17
53.041572,-0.899353,2026-05-26 16:27:08.503057664,1,4505,139,16
53.03348,-0.916191,2026-05-26 16:27:11.133798656,1,6202,149,28
53.029263,-0.865871,2026-05-26 16:27:11.133798656,1,9234,151,15
52.981695,-0.884343,2026-05-26 16:27:11.146013440,1,7914,136,21
52.982433,-0.90665,2026-05-26 16:27:11.355492096,1,4872,168,24
35.30212,3.754052,2026-05-26 16:27:12.567809536,1,13099,267,75
35.888226,3.760857,2026-05-26 16:27:12.568013824,1,8578,249,57
35.806057,3.755399,2026-05-26 16:27:12.567984640,1,4180,262,39
45.600978,2.097161,2026-05-26 16:27:20.375000064,1,14335,100,17
52.711497,-2.733707,2026-05-26 16:27:21.46305280,1,13971,97,49
52.725248,-2.776917,2026-05-26 16:27:21.46319872,1,12320,140,46
52.720805,-2.751693,2026-05-26 16:27:21.62491392,1,2170,191,30
52.7111,-2.772618,2026-05-26 16:27:21.62498304,1,8754,126,17
52.715319,-2.738517,2026-05-26 16:27:21.95245056,1,11929,157,17
52.710983,-2.761431,2026-05-26 16:27:21.96675840,1,9560,159,16
52.824815,-2.768462,2026-05-26 16:27:21.322861312,1,12069,138,35
53.037375,-0.915953,2026-05-26 16:27:21.331171072,1,9153,163,18
53.036004,-0.899742,2026-05-26 16:27:21.347714304,1,3283,138,48
53.035094,-0.890524,2026-05-26 16:27:21.347716096,1,5787,153,30
53.018479,-0.899121,2026-05-26 16:27:21.448263168,1,9264,111,23
53.01924,-0.875099,2026-05-26 16:27:21.594051840,1,2111,139,50
53.018341,-0.88773,2026-05-26 16:27:21.594051584,1,13083,108,35
53.021043,-0.900679,2026-05-26 16:27:21.677351168,1,5428,138,26
52.942245,-0.874247,2026-05-26 16:27:30.636730624,1,12639,135,32
53.063166,-0.902696,2026-05-26 16:27:30.806033408,1,8339,263,50
53.043507,-0.921463,2026-05-26 16:27:30.806043136,1,14122,189,20
53.009381,-0.886787,2026-05-26 16:27:30.962366464,1,6115,115,24
52.971996,-0.795211,2026-05-26 16:27:31.782377216,1,14861,140,50
52.974774,-0.777471,2026-05-26 16:27:31.782376448,1,4922,153,34
52.96538,-0.802011,2026-05-26 16:27:31.782380288,1,9340,124,18
52.972194,-0.793834,2026-05-26 16:27:31.918073856,1,11002,140,46
52.970661,-0.791954,2026-05-26 16:27:31.918071808,1,10325,107,25
33.792947,-81.267976,2026-05-26 16:27:32.128134912,1,6689,119,29
52.985613,-0.84532,2026-05-26 16:27:32.411146240,1,3269,139,37
52.975376,-0.869667,2026-05-26 16:27:32.411144960,1,8695,115,20
52.969642,-0.95025,2026-05-26 16:27:32.422756352,1,12496,147,19
48.617635,-3.995945,2026-05-26 16:27:32.435254528,1,9855,185,14
52.682658,-2.709795,2026-05-26 16:27:32.761632512,1,9411,125,34
52.686989,-2.728383,2026-05-26 16:27:32.761627392,1,13941,129,21
48.652681,-3.765081,2026-05-26 16:27:33.261402624,1,13964,183,42
48.652703,-3.790373,2026-05-26 16:27:33.424465408,1,5804,164,132
48.66366,-3.779932,2026-05-26 16:27:33.424472320,1,5466,228,118
48.714984,-3.742233,2026-05-26 16:27:33.424499712,1,6488,194,105
48.653262,-3.864629,2026-05-26 16:27:33.424495104,1,5216,168,92
48.667667,-3.79987,2026-05-26 16:27:33.424506112,1,6682,168,78
24.066466,-86.510915,2026-05-26 16:27:40.533153280,1,10551,241,25
52.980474,-0.881777,2026-05-26 16:27:41.473103616,1,8348,136,20
52.987124,-0.849629,2026-05-26 16:27:41.519131904,1,6985,138,75
52.989582,-0.827972,2026-05-26 16:27:41.519133184,1,9599,150,78
53.013317,-0.903708,2026-05-26 16:27:41.519160576,1,8364,118,59
52.987303,-0.951791,2026-05-26 16:27:41.519150848,1,4958,145,46
52.986753,-0.851644,2026-05-26 16:27:41.519173888,1,7537,206,33
52.993002,-0.900386,2026-05-26 16:27:41.519168768,1,12972,189,19
52.987248,-0.874232,2026-05-26 16:27:41.543178496,1,12035,113,44
52.9899,-0.875704,2026-05-26 16:27:41.543169280,1,10832,113,45
52.990211,-0.870161,2026-05-26 16:27:41.543176448,1,5225,119,28
52.983008,-0.889326,2026-05-26 16:27:41.543175936,1,9278,126,14
53.000679,-0.88319,2026-05-26 16:27:41.568656384,1,14137,137,23
48.589299,-3.771757,2026-05-26 16:27:42.77653504,1,13814,163,23
48.613939,-3.681826,2026-05-26 16:27:42.77676032,1,12109,164,30
48.578592,-4.153107,2026-05-26 16:27:42.90937088,1,6053,247,68
48.621814,-4.069595,2026-05-26 16:27:42.90963968,1,10287,147,55
48.601487,-4.277679,2026-05-26 16:27:42.90962176,1,10955,171,36
48.63797,-4.030434,2026-05-26 16:27:42.91026688,1,14811,178,27
48.61791,-3.775679,2026-05-26 16:27:42.163020288,1,9463,171,91
48.619767,-3.699106,2026-05-26 16:27:42.163033088,1,8942,184,78
48.620324,-3.693715,2026-05-26 16:27:42.163035392,1,14224,142,60
48.615693,-3.703061,2026-05-26 16:27:42.163082496,1,14052,158,37
48.616226,-3.672927,2026-05-26 16:27:42.163089664,1,7976,176,24
53.018175,-0.903465,2026-05-26 16:27:44.71812608,1,13899,112,22
52.97412,-0.893063,2026-05-26 16:27:44.77370368,1,13353,110,22
52.97933,-0.896936,2026-05-26 16:27:44.78702336,1,5868,136,15
52.978855,-0.910968,2026-05-26 16:27:44.239023360,1,7283,135,15
48.665549,-4.034048,2026-05-26 16:27:46.772583936,1,6660,178,34
53.01032,-0.855318,2026-05-26 16:27:47.115457280,1,4347,139,16
52.719782,-2.732438,2026-05-26 16:27:47.517404928,1,4348,125,17
53.069633,-0.812336,2026-05-26 16:27:47.773059328,1,11123,145,18
53.067691,-0.806117,2026-05-26 16:27:47.802011648,1,8771,145,19
53.113844,-0.844722,2026-05-26 16:27:48.35356160,1,8913,153,27
51.326107,-2.411902,2026-05-26 16:27:56.115093248,1,12241,134,17
28.060086,118.612683,2026-05-26 16:25:14.687962112,2,5441,255,32
1.203017,124.010164,2026-05-26 16:25:28.812800512,2,11270,178,24
28.381721,109.076403,2026-05-26 16:25:32.98780672,2,9934,216,26
29.385547,123.320359,2026-05-26 16:25:50.512766720,2,9326,196,21
30.842833,130.441476,2026-05-26 16:26:14.637594880,2,8140,182,36
30.881742,130.459142,2026-05-26 16:26:14.710683136,2,8490,260,34
30.755234,130.321369,2026-05-26 16:26:14.785518336,2,6717,169,24
28.396355,109.094277,2026-05-26 16:26:56.382646528,2,13129,216,37
27.46785,117.162337,2026-05-26 16:26:57.289653248,2,6024,268,33
28.001375,118.722116,2026-05-26 16:26:58.539240704,2,7621,241,22
28.122177,117.255495,2026-05-26 16:27:32.286647552,2,6483,253,34
27.988798,118.832388,2026-05-26 16:27:48.446881536,2,7121,240,22
31.715788,-102.380425,2026-05-26 16:25:00.33783040,3,14322,104,70
31.706303,-102.461397,2026-05-26 16:25:00.33809664,3,9468,210,51
31.778783,-102.399004,2026-05-26 16:25:00.33845248,3,9807,223,36
31.643087,-102.356204,2026-05-26 16:25:00.939344896,3,5811,187,22
31.762162,-102.397863,2026-05-26 16:25:00.939382784,3,10378,209,34
20.778805,-88.194844,2026-05-26 16:25:09.426750976,3,6078,267,30
47.748461,-72.908899,2026-05-26 16:25:13.264241152,3,9258,55,63
47.735377,-72.886717,2026-05-26 16:25:13.264248832,3,13049,94,42
47.7113,-72.866222,2026-05-26 16:25:13.264292608,3,9960,145,25
22.008938,-86.384085,2026-05-26 16:25:14.283641600,3,8407,258,39
21.653517,-85.889319,2026-05-26 16:25:15.181332480,3,12009,231,58
21.607756,-85.891649,2026-05-26 16:25:15.181347840,3,8113,251,54
23.044841,-83.594908,2026-05-26 16:25:15.330059008,3,8710,247,35
50.946759,-78.381062,2026-05-26 16:25:16.872096000,3,8565,233,15
50.910013,-78.301742,2026-05-26 16:25:16.872125440,3,8445,194,57
50.875018,-78.287009,2026-05-26 16:25:16.872160512,3,6394,191,44
50.869557,-78.301123,2026-05-26 16:25:16.872166144,3,6353,160,31
31.528663,-87.25609,2026-05-26 16:25:17.98132224,3,10785,130,38
31.478091,-87.262794,2026-05-26 16:25:17.98151680,3,8367,131,44
31.555486,-87.227498,2026-05-26 16:25:17.98174720,3,11827,266,29
31.405454,-87.26538,2026-05-26 16:25:17.109624576,3,12957,219,25
23.504903,-87.470936,2026-05-26 16:25:18.195620608,3,6669,247,20
23.113516,-86.37723,2026-05-26 16:25:21.82334464,3,8509,246,34
22.448034,-84.712846,2026-05-26 16:25:21.263820544,3,7018,258,42
22.44314,-84.78322,2026-05-26 16:25:21.263839232,3,3773,250,33
24.572855,-85.604518,2026-05-26 16:25:23.634741248,3,12345,228,30
27.501187,-91.523615,2026-05-26 16:25:24.897935360,3,9282,144,28
27.477899,-91.500771,2026-05-26 16:25:24.897974784,3,8228,257,33
27.381929,-91.568496,2026-05-26 16:25:24.988737792,3,6058,270,21
32.72034,-100.703423,2026-05-26 16:25:26.907511808,3,6399,182,21
32.823994,-100.717133,2026-05-26 16:25:26.907543808,3,11841,201,27
30.503006,-101.937219,2026-05-26 16:25:27.110892288,3,4785,250,28
30.67112,-101.933906,2026-05-26 16:25:27.110954752,3,8117,217,28
33.415113,-101.126038,2026-05-26 16:25:27.999022592,3,8745,196,50
33.442238,-101.12319,2026-05-26 16:25:27.999023616,3,8523,210,33
33.287682,-101.243544,2026-05-26 16:25:28.11877120,3,7281,201,24
33.409135,-101.114305,2026-05-26 16:25:28.11929600,3,11028,172,19
22.093425,-83.352544,2026-05-26 16:25:28.219909888,3,6675,270,43
24.196295,-86.088643,2026-05-26 16:25:28.429354240,3,13790,241,16
31.489589,-87.245821,2026-05-26 16:25:29.138433536,3,8470,206,44
31.564151,-87.230487,2026-05-26 16:25:29.138497024,3,4277,215,29
31.521284,-87.245088,2026-05-26 16:25:29.138482432,3,7659,245,16
31.426827,-87.290551,2026-05-26 16:25:29.223373312,3,14488,205,32
31.479239,-87.288732,2026-05-26 16:25:29.223399168,3,5288,266,19
31.438502,-87.217001,2026-05-26 16:25:29.304182272,3,10423,126,33
31.46803,-87.249433,2026-05-26 16:25:29.304223744,3,9080,208,21
24.247932,-86.666307,2026-05-26 16:25:31.193684992,3,7945,238,55
24.194031,-86.551887,2026-05-26 16:25:31.282337792,3,7853,240,17
26.713635,-93.158482,2026-05-26 16:25:31.582414848,3,12019,221,38
31.522099,-101.438117,2026-05-26 16:25:32.420683008,3,9933,166,39
31.778805,-101.406388,2026-05-26 16:25:32.420716544,3,4181,209,46
27.455831,-92.092421,2026-05-26 16:25:32.812732416,3,5806,144,55
27.533973,-92.099245,2026-05-26 16:25:32.812762880,3,6439,257,82
23.980594,-86.992282,2026-05-26 16:25:40.527014656,3,8996,235,18
33.47574,-101.101873,2026-05-26 16:25:42.174436096,3,12331,126,100
33.534249,-101.118768,2026-05-26 16:25:42.174463232,3,11588,195,79
33.366478,-101.322875,2026-05-26 16:25:42.174411264,3,13043,245,72
33.462974,-101.125198,2026-05-26 16:25:42.174491904,3,7456,182,62
33.476124,-101.131474,2026-05-26 16:25:42.181815552,3,14446,185,54
33.467922,-101.165602,2026-05-26 16:25:42.181799168,3,3903,269,40
33.510949,-101.137506,2026-05-26 16:25:42.181816576,3,14775,212,27
33.473823,-101.128808,2026-05-26 16:25:42.216982528,3,9748,163,26
33.522338,-101.125014,2026-05-26 16:25:42.217036288,3,10045,195,42
33.573908,-101.115957,2026-05-26 16:25:42.217052416,3,6686,212,26
33.403236,-101.400106,2026-05-26 16:25:42.279336448,3,10273,258,23
21.427542,-87.690003,2026-05-26 16:25:42.676004864,3,8394,261,19
21.375847,-87.696188,2026-05-26 16:25:42.800365568,3,6925,262,24
29.801834,-102.262078,2026-05-26 16:25:47.506790144,3,7572,223,25
31.515312,-87.243275,2026-05-26 16:25:47.757387264,3,14580,137,30
21.617235,-87.281921,2026-05-26 16:25:47.764958976,3,7315,260,35
31.56156,-87.197559,2026-05-26 16:25:47.804956416,3,5888,205,50
31.56506,-87.195547,2026-05-26 16:25:47.804992512,3,8052,203,36
31.624372,-87.19904,2026-05-26 16:25:47.805017088,3,6861,244,20
24.414457,-86.47843,2026-05-26 16:25:48.490523904,3,9944,238,17
24.464306,-86.490928,2026-05-26 16:25:48.507035136,3,12736,236,22
50.896633,-78.364816,2026-05-26 16:25:48.646867712,3,12099,194,40
50.902352,-78.376607,2026-05-26 16:25:48.646873856,3,8648,210,32
31.704637,-101.537326,2026-05-26 16:25:48.657263360,3,8458,227,42
31.947269,-101.40941,2026-05-26 16:25:48.657362688,3,9191,212,34
30.126783,-93.809332,2026-05-26 16:25:49.17591296,3,7261,154,19
33.129803,-100.969945,2026-05-26 16:25:51.246503680,3,9320,180,18
33.176544,-100.961858,2026-05-26 16:25:51.246556928,3,9652,198,40
33.205043,-100.965473,2026-05-26 16:25:51.246561536,3,8083,202,25
33.027493,-101.164618,2026-05-26 16:25:51.328146944,3,13289,258,47
33.182972,-100.96255,2026-05-26 16:25:51.328220672,3,6922,198,34
33.036591,-101.137247,2026-05-26 16:25:51.688790528,3,9903,252,22
33.030466,-101.201774,2026-05-26 16:25:51.765310208,3,14862,253,33
33.162135,-100.960735,2026-05-26 16:25:51.765383680,3,13168,173,18
21.70992,-87.175212,2026-05-26 16:25:52.762624768,3,9108,259,46
30.906437,-101.749118,2026-05-26 16:25:55.310107392,3,6537,208,31
30.77626,-101.695341,2026-05-26 16:25:55.778683392,3,4634,186,33
30.881038,-101.755256,2026-05-26 16:25:55.778710272,3,12579,190,21
27.53952,-92.128814,2026-05-26 16:25:58.694063104,3,6661,208,72
27.574527,-92.111771,2026-05-26 16:25:58.694114304,3,5628,258,64
27.599714,-92.122059,2026-05-26 16:25:58.694122752,3,7573,239,51
27.366789,-92.179099,2026-05-26 16:25:58.779774720,3,13103,207,18
27.484988,-92.191558,2026-05-26 16:25:58.977657856,3,4017,210,23
27.469095,-92.189454,2026-05-26 16:25:59.316814848,3,5323,210,22
31.559173,-87.230049,2026-05-26 16:25:59.796710400,3,10856,136,50
31.43587,-87.30194,2026-05-26 16:25:59.796705536,3,4280,209,34
31.524462,-87.271509,2026-05-26 16:25:59.796737024,3,8510,247,20
31.497191,-87.237675,2026-05-26 16:25:59.826027520,3,10260,205,42
31.580026,-87.236943,2026-05-26 16:25:59.826091008,3,4091,233,23
31.506334,-87.222439,2026-05-26 16:25:59.887899648,3,5053,206,47
31.552215,-87.215223,2026-05-26 16:25:59.887957760,3,4758,266,35
31.551223,-87.225119,2026-05-26 16:25:59.887958784,3,6449,242,21
21.735808,-87.164703,2026-05-26 16:26:00.110116096,3,6888,259,29
27.80245,-90.321448,2026-05-26 16:26:01.316491008,3,14714,143,49
28.039858,-90.210477,2026-05-26 16:26:01.316610560,3,5067,270,27
26.675499,-93.166566,2026-05-26 16:26:01.444853760,3,5289,262,33
26.673494,-93.175351,2026-05-26 16:26:01.444848896,3,7162,267,18
26.587363,-93.158592,2026-05-26 16:26:01.459042816,3,5329,223,41
26.665584,-93.149161,2026-05-26 16:26:01.459106304,3,4174,262,34
26.70127,-93.145181,2026-05-26 16:26:01.459113984,3,7908,267,21
26.656996,-93.19397,2026-05-26 16:26:01.527824896,3,7797,149,42
26.659245,-93.152938,2026-05-26 16:26:01.527859968,3,4668,262,27
23.202311,-83.659868,2026-05-26 16:26:03.810568704,3,12578,261,38
30.958322,-101.807416,2026-05-26 16:26:07.361681920,3,7992,187,26
31.089087,-101.847266,2026-05-26 16:26:07.496996352,3,7200,214,30
30.953322,-101.814438,2026-05-26 16:26:08.166246656,3,4887,194,36
31.110919,-101.857819,2026-05-26 16:26:08.166288640,3,8511,214,50
31.099168,-101.854165,2026-05-26 16:26:08.166288128,3,14326,222,34
30.891787,-101.966618,2026-05-26 16:26:08.274981376,3,6047,221,30
31.078574,-101.853126,2026-05-26 16:26:08.275055616,3,12452,188,17
33.133141,-100.890808,2026-05-26 16:26:09.121477888,3,4127,145,51
33.248248,-100.95164,2026-05-26 16:26:09.121507584,3,4740,202,38
33.089431,-101.160172,2026-05-26 16:26:09.161787904,3,13952,252,18
33.064044,-101.068572,2026-05-26 16:26:09.335191552,3,14258,170,21
31.909274,-101.490422,2026-05-26 16:26:10.521320448,3,6187,208,38
31.931962,-101.485766,2026-05-26 16:26:10.521318400,3,11299,208,23
31.911748,-101.557587,2026-05-26 16:26:10.546817536,3,14125,214,20
31.904498,-101.561233,2026-05-26 16:26:11.540487168,3,12054,214,21
34.609037,-103.050408,2026-05-26 16:26:13.876625920,3,11695,179,32
17.899539,-84.938451,2026-05-26 16:26:15.336104192,3,8116,268,61
31.470963,-87.278377,2026-05-26 16:26:16.181254400,3,12098,206,37
31.531218,-87.262883,2026-05-26 16:26:16.181316096,3,4075,234,28
31.502326,-87.273605,2026-05-26 16:26:16.230198016,3,9927,218,22
30.528808,-101.914165,2026-05-26 16:26:16.843227392,3,5177,198,25
30.741053,-101.923873,2026-05-26 16:26:17.526821632,3,7399,217,28
30.735103,-101.914888,2026-05-26 16:26:17.526820608,3,9943,217,15
30.707278,-101.959412,2026-05-26 16:26:17.795011072,3,13606,223,26
33.148405,-101.109335,2026-05-26 16:26:19.476780800,3,10237,257,20
26.70457,-93.067967,2026-05-26 16:26:19.581835264,3,4366,221,100
26.661655,-92.974124,2026-05-26 16:26:19.581840640,3,11801,208,87
26.711125,-93.048052,2026-05-26 16:26:19.581872640,3,5119,244,72
26.721688,-93.062774,2026-05-26 16:26:19.581881856,3,4445,258,56
26.63235,-93.048136,2026-05-26 16:26:19.678063104,3,7688,226,84
30.763328,-84.572322,2026-05-26 16:26:27.254373120,3,14834,137,79
30.828774,-84.59419,2026-05-26 16:26:27.254402048,3,7201,232,60
30.745884,-84.611799,2026-05-26 16:26:27.254403840,3,5901,228,45
30.850836,-84.577868,2026-05-26 16:26:27.254436352,3,14550,248,30
30.776599,-84.548623,2026-05-26 16:26:27.332722944,3,13342,137,68
30.722581,-84.551273,2026-05-26 16:26:27.332738304,3,6888,233,50
30.841708,-84.565238,2026-05-26 16:26:27.332778240,3,10359,227,38
30.84728,-84.557964,2026-05-26 16:26:27.332788736,3,9181,248,17
31.609136,-102.064996,2026-05-26 16:26:28.83036416,3,3501,265,66
31.696188,-101.994403,2026-05-26 16:26:28.83083520,3,11404,117,63
31.703566,-101.985489,2026-05-26 16:26:28.83110144,3,10743,213,48
31.167354,-101.982138,2026-05-26 16:26:29.433889536,3,8330,213,26
33.123989,-101.024288,2026-05-26 16:26:29.807628032,3,4308,238,75
33.240508,-100.907811,2026-05-26 16:26:29.807676672,3,8022,202,62
33.227032,-100.96231,2026-05-26 16:26:29.807707136,3,6087,217,49
33.097075,-100.96519,2026-05-26 16:26:29.807686912,3,6103,183,33
33.509682,-101.132439,2026-05-26 16:26:31.185380352,3,13736,101,48
25.068691,-86.081105,2026-05-26 16:26:39.242059008,3,9536,229,28
21.02267,-87.153768,2026-05-26 16:26:41.507384576,3,5491,269,96
21.039715,-87.150876,2026-05-26 16:26:41.507425536,3,5884,260,78
21.058999,-87.151569,2026-05-26 16:26:41.507431168,3,4740,247,59
21.016876,-87.156846,2026-05-26 16:26:41.606162688,3,3535,266,32
30.591168,-101.940287,2026-05-26 16:26:41.821602816,3,8005,187,17
30.656292,-101.941171,2026-05-26 16:26:41.821633792,3,6102,221,93
30.196382,-101.969781,2026-05-26 16:26:48.882518272,3,5587,151,19
30.313016,-102.127056,2026-05-26 16:26:48.882533888,3,8316,220,28
30.094904,-102.154319,2026-05-26 16:26:49.20223488,3,8532,238,41
30.28039,-102.145849,2026-05-26 16:26:49.20293376,3,10339,220,28
51.087565,-78.358269,2026-05-26 16:26:51.496002560,3,10092,214,46
50.894408,-78.292409,2026-05-26 16:26:51.496060160,3,5801,197,33
50.919751,-78.237128,2026-05-26 16:26:51.496046592,3,4598,254,18
50.936888,-78.282872,2026-05-26 16:26:51.549200896,3,11074,194,28
49.064347,-73.071046,2026-05-26 16:26:53.843396096,3,13863,113,19
32.712885,-101.073614,2026-05-26 16:26:55.936048896,3,13349,261,29
30.618501,-93.104973,2026-05-26 16:26:56.784899328,3,5207,185,22
30.701283,-93.12568,2026-05-26 16:26:56.784928256,3,13460,112,53
30.760242,-93.115192,2026-05-26 16:26:56.784972032,3,13289,227,41
30.856459,-93.068967,2026-05-26 16:26:56.785013504,3,9132,247,22
30.533863,-93.046496,2026-05-26 16:26:56.837947904,3,6436,203,28
30.744482,-93.104972,2026-05-26 16:26:56.838023680,3,9245,241,27
17.905887,-84.964902,2026-05-26 16:26:58.366902528,3,12539,263,36
17.865102,-84.943203,2026-05-26 16:26:58.410166784,3,3259,268,25
30.934333,-86.902483,2026-05-26 16:26:59.213045504,3,7419,212,28
23.565678,-87.581607,2026-05-26 16:27:00.162918400,3,13148,246,26
33.082933,-93.795568,2026-05-26 16:27:01.810473216,3,10478,142,24
33.310362,-101.053433,2026-05-26 16:27:02.553071616,3,12921,143,28
33.431779,-101.11662,2026-05-26 16:27:02.553084928,3,14746,171,26
27.760352,-90.76434,2026-05-26 16:27:02.722708992,3,13782,195,53
27.839158,-90.778809,2026-05-26 16:27:02.722802176,3,10209,264,40
27.837525,-90.80383,2026-05-26 16:27:02.731899648,3,13940,142,44
27.814281,-90.781863,2026-05-26 16:27:02.731941632,3,6360,255,38
27.748153,-90.805277,2026-05-26 16:27:02.760814080,3,8722,253,18
21.81259,-85.855351,2026-05-26 16:27:03.122123264,3,10427,265,47
23.628517,-87.443397,2026-05-26 16:27:03.617486336,3,5677,239,31
22.545976,-84.721917,2026-05-26 16:27:03.677603072,3,6755,263,52
22.326715,-84.706512,2026-05-26 16:27:03.740151040,3,6167,265,34
33.116338,-100.991238,2026-05-26 16:27:12.55449088,3,9967,200,54
33.242949,-100.985359,2026-05-26 16:27:12.55483136,3,14047,197,39
30.593346,-101.944427,2026-05-26 16:27:12.670565376,3,8350,218,23
30.466394,-101.893222,2026-05-26 16:27:13.115907584,3,5601,206,54
30.576849,-101.945601,2026-05-26 16:27:13.115939584,3,13758,192,41
30.61091,-101.935478,2026-05-26 16:27:13.115954432,3,14299,228,25
30.627066,-101.958362,2026-05-26 16:27:13.198472704,3,7364,217,24
30.547322,-101.866476,2026-05-26 16:27:13.317734400,3,7747,110,42
30.63319,-101.954902,2026-05-26 16:27:13.317773568,3,7209,221,30
21.591701,-87.446768,2026-05-26 16:27:14.873566976,3,6966,264,25
24.532311,-86.119486,2026-05-26 16:27:17.275704320,3,13198,236,22
24.457571,-86.195387,2026-05-26 16:27:17.275719936,3,6468,268,24
28.715678,-86.272499,2026-05-26 16:27:17.769099008,3,13883,175,32
28.720553,-86.229556,2026-05-26 16:27:17.781669120,3,11632,174,40
28.637412,-86.294292,2026-05-26 16:27:17.781686784,3,6038,244,29
34.605555,-100.525554,2026-05-26 16:27:18.197593600,3,5210,223,47
34.658248,-100.451122,2026-05-26 16:27:18.197653248,3,10230,191,33
34.711536,-100.421043,2026-05-26 16:27:18.197677312,3,6506,226,20
23.162577,-83.557228,2026-05-26 16:27:18.834667520,3,5575,262,36
23.135604,-83.624736,2026-05-26 16:27:18.834681344,3,3727,245,44
23.149416,-83.553739,2026-05-26 16:27:18.909806848,3,6781,256,41
23.094221,-83.64293,2026-05-26 16:27:18.909812480,3,2888,213,26
22.659196,-83.18862,2026-05-26 16:27:20.457739264,3,8431,265,30
22.561916,-83.256095,2026-05-26 16:27:20.457732096,3,4768,217,55
31.604778,-101.204442,2026-05-26 16:27:20.655611392,3,5933,206,24
26.573202,-93.13355,2026-05-26 16:27:21.182528256,3,6240,223,44
33.55905,-101.599475,2026-05-26 16:27:22.121288704,3,8369,259,28
48.284939,-75.782879,2026-05-26 16:27:23.616195840,3,13991,119,22
48.285904,-75.795903,2026-05-26 16:27:23.727093248,3,9719,113,37
48.262739,-75.793697,2026-05-26 16:27:23.727127296,3,12033,153,24
48.28076,-75.800779,2026-05-26 16:27:23.820237056,3,10142,91,20
23.53682,-88.674875,2026-05-26 16:27:24.106157568,3,6653,241,22
23.50991,-88.701233,2026-05-26 16:27:24.568581888,3,6124,195,30
31.570434,-101.507794,2026-05-26 16:27:28.717252352,3,6481,262,28
31.749907,-101.363122,2026-05-26 16:27:28.766636800,3,8962,209,32
30.99284,-87.421822,2026-05-26 16:27:28.773066752,3,7949,133,59
30.982242,-87.474398,2026-05-26 16:27:28.773081600,3,11612,213,48
31.07561,-87.452035,2026-05-26 16:27:28.773122304,3,5247,247,34
31.636839,-101.395641,2026-05-26 16:27:29.352199168,3,1898,210,47
31.751458,-101.411594,2026-05-26 16:27:29.352239872,3,4185,209,33
33.811916,-81.264606,2026-05-26 16:27:32.128142080,3,3541,229,91
33.855878,-81.285588,2026-05-26 16:27:32.128159744,3,3686,229,81
33.877478,-81.258881,2026-05-26 16:27:32.128165632,3,8655,263,70
33.913799,-81.275199,2026-05-26 16:27:32.128178688,3,7629,215,52
33.914774,-81.277667,2026-05-26 16:27:32.128184064,3,3967,164,39
33.855032,-81.24166,2026-05-26 16:27:32.128195840,3,10557,191,26
33.808262,-81.343799,2026-05-26 16:27:32.238208256,3,13289,148,33
33.854316,-81.268696,2026-05-26 16:27:32.238257408,3,7349,225,21
33.811044,-81.24725,2026-05-26 16:27:32.465599232,3,9272,88,48
33.853631,-81.243993,2026-05-26 16:27:32.465649664,3,7586,212,35
33.858319,-81.251283,2026-05-26 16:27:32.465657088,3,5750,212,21
50.989601,-78.410518,2026-05-26 16:27:34.869191424,3,13238,215,86
50.910163,-78.402877,2026-05-26 16:27:34.869223168,3,11122,237,75
50.871735,-78.362698,2026-05-26 16:27:34.869240320,3,8614,244,64
50.861912,-78.339037,2026-05-26 16:27:34.869245696,3,8597,191,52
50.932442,-78.267132,2026-05-26 16:27:34.869218048,3,4976,270,39
50.874683,-78.319441,2026-05-26 16:27:34.869240320,3,5687,254,29
30.84731,-84.593936,2026-05-26 16:27:36.223755008,3,3741,234,85
30.852766,-84.592628,2026-05-26 16:27:36.223756032,3,4269,233,73
30.849162,-84.576271,2026-05-26 16:27:36.223794176,3,8752,234,57
30.728735,-84.588234,2026-05-26 16:27:36.249674240,3,14835,241,19
30.795077,-84.580094,2026-05-26 16:27:36.313868288,3,6613,241,35
30.818924,-84.590484,2026-05-26 16:27:36.313914880,3,3309,227,19
30.762017,-84.574731,2026-05-26 16:27:36.356857088,3,14608,137,18
30.764044,-84.567141,2026-05-26 16:27:36.515242752,3,12765,137,20
33.440035,-101.133151,2026-05-26 16:27:37.487704064,3,9407,104,79
33.507567,-101.187255,2026-05-26 16:27:37.487748352,3,11352,206,58
33.386671,-101.061341,2026-05-26 16:27:37.552093440,3,6100,142,53
33.456465,-101.155799,2026-05-26 16:27:37.552101120,3,4045,269,40
33.384878,-101.067846,2026-05-26 16:27:37.562269440,3,14291,141,24
33.413613,-101.098193,2026-05-26 16:27:37.570895104,3,4503,142,27
33.529125,-101.138557,2026-05-26 16:27:37.570925568,3,12195,195,27
49.068089,-73.764262,2026-05-26 16:27:51.222722304,3,13954,66,21
24.104222,-86.056383,2026-05-26 16:27:51.607056128,3,5687,241,60
24.117511,-86.048887,2026-05-26 16:27:51.699838208,3,4470,241,49
30.134778,-102.103589,2026-05-26 16:27:52.889046528,3,10011,201,24
24.408762,-85.853702,2026-05-26 16:27:53.21606656,3,5972,257,26
31.722018,-101.373456,2026-05-26 16:27:55.416994816,3,14951,209,40
31.612146,-101.363598,2026-05-26 16:27:55.416973056,3,12299,184,27
30.883256,-101.775203,2026-05-26 16:27:55.588939776,3,7145,181,70
30.894141,-101.860656,2026-05-26 16:27:55.588973056,3,12963,222,57
30.964233,-101.794322,2026-05-26 16:27:55.589007104,3,7293,227,44
30.96284,-101.77809,2026-05-26 16:27:55.589001984,3,12049,234,28
30.881799,-101.967801,2026-05-26 16:27:56.365291264,3,9810,179,34
30.943967,-101.978014,2026-05-26 16:27:56.365345536,3,11266,208,60
30.969267,-101.990428,2026-05-26 16:27:56.365346048,3,11556,218,47
28.289656,109.192055,2026-05-26 16:25:05.238068992,4,14654,255,24
1.2065,124.002674,2026-05-26 16:25:28.812801280,4,11294,178,27
28.264617,109.002612,2026-05-26 16:25:32.98735616,4,13623,238,26
48.651465,-4.129013,2026-05-26 16:25:35.223023360,4,14610,218,26
29.385547,123.320359,2026-05-26 16:25:50.512766720,4,9326,196,23
30.816244,130.447914,2026-05-26 16:26:14.637585920,4,11351,180,37
30.770078,130.397908,2026-05-26 16:26:14.710640384,4,8843,180,37
30.755234,130.321369,2026-05-26 16:26:14.785518336,4,6717,169,25
28.376094,109.129191,2026-05-26 16:26:56.382658304,4,9415,216,41
27.52576,117.386721,2026-05-26 16:26:57.289730560,4,7082,250,35
28.001375,118.722116,2026-05-26 16:26:58.539240704,4,7621,241,24
27.988798,118.832388,2026-05-26 16:27:48.446881536,4,7121,240,22
51.573105,-1.854723,2026-05-26 16:27:49.215905792,4,12610,226,45
24.249355,-86.497551,2026-05-26 16:25:04.966243584,7,5388,230,17
24.235219,-86.548935,2026-05-26 16:25:04.982107392,7,3274,269,23
24.289792,-86.47507,2026-05-26 16:25:04.982136064,7,6658,230,15
24.300952,-86.420012,2026-05-26 16:25:05.114419712,7,13407,238,15
21.736526,-86.400161,2026-05-26 16:25:14.283575040,7,9363,265,17
21.531649,-85.991974,2026-05-26 16:25:15.181330176,7,6468,256,22
23.130159,-83.594003,2026-05-26 16:25:15.330055168,7,5609,230,17
23.170373,-86.369993,2026-05-26 16:25:21.82349312,7,11749,251,16
22.470879,-84.77321,2026-05-26 16:25:21.263815424,7,6851,229,19
24.656979,-85.599509,2026-05-26 16:25:23.634756096,7,12817,227,13
27.51555,-91.517405,2026-05-26 16:25:24.897936640,7,10727,144,16
22.377726,-83.420494,2026-05-26 16:25:28.219991040,7,7233,269,15
23.93105,-86.564995,2026-05-26 16:25:31.193587456,7,6375,236,26
27.249152,-92.08964,2026-05-26 16:25:32.812684032,7,14236,253,30
27.616321,-92.102763,2026-05-26 16:25:32.812822784,7,4646,257,16
27.543422,-92.132724,2026-05-26 16:25:32.872071168,7,3687,143,13
27.462049,-92.096016,2026-05-26 16:25:32.920021504,7,5759,146,18
27.577264,-92.169968,2026-05-26 16:25:32.975815168,7,7431,208,15
27.578654,-92.163316,2026-05-26 16:25:33.88669184,7,8140,208,13
20.726835,-87.953672,2026-05-26 16:25:34.672554240,7,6366,267,10
24.047181,-86.516576,2026-05-26 16:25:37.657475840,7,11479,236,16
20.972303,-86.763118,2026-05-26 16:25:38.866030080,7,3480,222,22
21.372474,-87.710249,2026-05-26 16:25:42.800360704,7,8914,262,14
21.607477,-87.286123,2026-05-26 16:25:47.764955648,7,7167,260,16
22.641272,-84.857424,2026-05-26 16:25:51.958122752,7,10345,262,13
21.684952,-87.111688,2026-05-26 16:25:52.762634240,7,10817,221,14
6.657772,-82.929056,2026-05-26 16:25:56.58460416,7,9266,259,17
27.444177,-92.197985,2026-05-26 16:25:58.694059776,7,10600,205,27
27.366789,-92.179099,2026-05-26 16:25:58.779766016,7,13103,207,11
21.971198,-87.186396,2026-05-26 16:26:00.110170880,7,13967,261,11
27.81373,-90.33362,2026-05-26 16:26:01.316485632,7,9775,143,21
26.546399,-93.243641,2026-05-26 16:26:01.459052800,7,4244,228,20
26.536691,-93.243732,2026-05-26 16:26:01.527804672,7,5316,224,17
23.209248,-83.658134,2026-05-26 16:26:03.810571008,7,7609,261,17
23.51955,-87.41252,2026-05-26 16:26:12.309831680,7,8867,241,12
17.922729,-84.979507,2026-05-26 16:26:15.336117504,7,10196,240,27
26.624103,-93.077981,2026-05-26 16:26:19.581812992,7,10684,150,30
26.779241,-93.065326,2026-05-26 16:26:19.581892608,7,9525,260,14
26.443876,-93.138354,2026-05-26 16:26:19.678030592,7,3845,227,28
26.654238,-92.927088,2026-05-26 16:26:19.678137344,7,6573,235,19
26.594776,-93.126916,2026-05-26 16:26:19.810655744,7,7600,222,13
26.570709,-93.132584,2026-05-26 16:26:20.113899264,7,12183,223,17
26.571107,-93.140279,2026-05-26 16:26:20.222034944,7,12547,227,12
26.57007,-93.128549,2026-05-26 16:26:20.531749888,7,5686,223,23
24.253977,-86.546351,2026-05-26 16:26:25.982132224,7,3547,241,30
24.289673,-86.526115,2026-05-26 16:26:25.982153728,7,7117,201,20
24.098659,-86.427401,2026-05-26 16:26:26.38839040,7,4594,235,19
24.052734,-86.486082,2026-05-26 16:26:26.370378240,7,8335,234,23
18.094245,-85.01854,2026-05-26 16:26:32.46545920,7,4676,259,19
24.51342,-85.703919,2026-05-26 16:26:33.454257920,7,12705,229,20
24.702575,-85.711145,2026-05-26 16:26:33.596924416,7,13145,226,14
24.752355,-85.867943,2026-05-26 16:26:37.980040960,7,11762,267,13
24.835452,-85.796168,2026-05-26 16:26:38.64839936,7,11424,224,14
20.723289,-88.162092,2026-05-26 16:26:38.858738688,7,5930,247,24
20.862898,-88.090075,2026-05-26 16:26:38.906657536,7,4724,270,12
25.137074,-86.025232,2026-05-26 16:26:39.242085120,7,11704,228,13
21.017323,-87.149411,2026-05-26 16:26:41.507381248,7,3223,269,14
21.037784,-87.171173,2026-05-26 16:26:41.606163712,7,6691,265,16
17.930436,-84.972788,2026-05-26 16:26:58.410190336,7,8291,261,11
27.687486,-90.885468,2026-05-26 16:27:02.722734592,7,7082,202,18
27.835924,-90.814738,2026-05-26 16:27:02.731902720,7,7669,142,16
21.540954,-85.834617,2026-05-26 16:27:03.122052608,7,10527,228,18
21.739221,-85.891142,2026-05-26 16:27:03.194544640,7,7789,262,10
21.7681,-85.912466,2026-05-26 16:27:03.282682368,7,8267,266,13
23.661868,-87.454941,2026-05-26 16:27:03.617487360,7,13578,239,13
22.421589,-84.799309,2026-05-26 16:27:03.677584640,7,10176,243,18
22.374729,-84.763635,2026-05-26 16:27:03.877020160,7,2614,243,24
22.420056,-84.796043,2026-05-26 16:27:03.877030656,7,4656,215,14
23.455198,-87.313716,2026-05-26 16:27:03.902691840,7,13834,200,17
21.957848,-86.376198,2026-05-26 16:27:04.735496448,7,3247,243,27
24.365832,-86.487978,2026-05-26 16:27:04.912597760,7,8190,268,20
24.203579,-86.443281,2026-05-26 16:27:05.308400640,7,14470,194,14
27.366163,-91.502954,2026-05-26 16:27:09.228822016,7,5055,202,15
24.336853,-86.116286,2026-05-26 16:27:17.275661568,7,12610,193,16
28.560087,-86.343868,2026-05-26 16:27:17.781659392,7,8274,167,17
23.096648,-83.614327,2026-05-26 16:27:18.834672640,7,5189,245,20
23.112965,-83.627197,2026-05-26 16:27:18.909820928,7,5084,245,18
22.519935,-83.219739,2026-05-26 16:27:20.457717504,7,2178,251,31
22.522348,-83.22761,2026-05-26 16:27:20.457722368,7,3018,245,18
26.570684,-93.138396,2026-05-26 16:27:21.182528768,7,7205,223,16
23.53104,-88.673616,2026-05-26 16:27:24.106157312,7,5156,241,13
23.498936,-88.680189,2026-05-26 16:27:24.568587264,7,10231,196,15
24.133974,-86.429085,2026-05-26 16:27:39.692116736,7,4136,233,23
24.294485,-86.400682,2026-05-26 16:27:39.744534784,7,10113,231,13
24.345408,-86.494774,2026-05-26 16:27:40.533251584,7,4142,240,28
24.30546,-86.513428,2026-05-26 16:27:40.533232896,7,6580,201,14
22.544517,-84.873395,2026-05-26 16:27:42.657292544,7,13557,242,16
21.486443,-87.688605,2026-05-26 16:27:45.617509888,7,5488,265,12
21.426414,-87.64334,2026-05-26 16:27:57.951603456,7,7295,262,16
23.355069,-86.452044,2026-05-26 16:27:58.69128960,7,4294,249,31
23.37965,-86.456071,2026-05-26 16:27:58.202836992,7,8275,250,13
26.703847,9.973409,2026-05-26 16:25:01.225183488,5,4447,261,21
25.829595,9.805831,2026-05-26 16:25:13.827809024,5,6163,233,25
8.496052,14.690231,2026-05-26 16:26:25.844113920,5,13554,192,11
26.979201,9.444263,2026-05-26 16:27:22.440585728,5,6201,251,25
28.330959,109.262814,2026-05-26 16:25:05.238105600,9,9615,227,21
27.560574,108.544583,2026-05-26 16:25:06.969149696,9,8358,243,21
28.012285,118.718803,2026-05-26 16:25:15.928547840,9,10250,244,12
27.99768,118.69966,2026-05-26 16:25:38.106038016,9,8451,241,16
27.317918,109.856686,2026-05-26 16:26:02.622388480,9,10352,269,12
30.788237,130.41431,2026-05-26 16:26:14.556948736,9,12909,180,33
30.745988,130.31086,2026-05-26 16:26:14.556978176,9,8224,169,21
30.726816,130.324306,2026-05-26 16:26:14.637601280,9,9197,166,26
30.740318,130.312664,2026-05-26 16:26:14.710669824,9,3957,169,25
30.722936,130.339357,2026-05-26 16:26:14.710669312,9,6384,155,14
30.74778,130.32382,2026-05-26 16:26:14.785513728,9,3597,169,19
30.740821,130.329006,2026-05-26 16:26:14.933384704,9,3351,170,20
30.755024,130.316483,2026-05-26 16:26:15.136350464,9,5855,169,18
27.41898,117.244956,2026-05-26 16:26:30.705241856,9,6970,255,16
27.984991,118.616074,2026-05-26 16:26:40.140034816,9,9412,261,18
45.06895,106.874632,2026-05-26 16:26:51.109158912,9,5805,245,11
27.60927,117.130951,2026-05-26 16:26:57.289674240,9,2309,252,30
27.965155,118.671959,2026-05-26 16:26:58.539223296,9,7720,260,24
27.409033,117.460176,2026-05-26 16:27:18.244809984,9,14791,260,10
28.80333,123.059018,2026-05-26 16:27:28.500606208,9,1881,215,31
27.998887,118.819956,2026-05-26 16:27:48.261412608,9,5030,242,15
28.000229,118.808408,2026-05-26 16:27:48.363270656,9,7577,243,16
28.000213,118.796104,2026-05-26 16:27:48.446873856,9,7766,240,22
52.70899,-0.937934,2026-05-26 17:35:00.406763520,1,10027,158,28
23.410157,-88.855266,2026-05-26 17:35:00.416529920,1,11157,254,22
52.722427,-0.930912,2026-05-26 17:35:00.443501568,1,4131,158,18
52.806248,-0.874737,2026-05-26 17:35:00.604412160,1,10316,107,58
52.812419,-0.905559,2026-05-26 17:35:00.604406272,1,11363,82,45
52.635748,-3.273339,2026-05-26 17:35:08.627102720,1,12352,157,39
52.62926,-3.380657,2026-05-26 17:35:08.627141120,1,14402,240,36
52.623091,-3.293698,2026-05-26 17:35:08.627147264,1,9511,227,23
51.442707,-2.336069,2026-05-26 17:35:09.112073216,1,8320,99,27
52.667245,-0.863893,2026-05-26 17:35:09.789529344,1,13103,148,39
52.646832,-0.813813,2026-05-26 17:35:09.789533696,1,9108,111,23
52.69093,-0.884409,2026-05-26 17:35:09.861560576,1,6970,148,16
35.779421,-94.237653,2026-05-26 17:35:09.894502912,1,13010,145,25
36.637156,-78.394646,2026-05-26 17:35:09.931580672,1,9396,159,32
48.449218,-3.369282,2026-05-26 17:35:18.36328448,1,14188,134,33
48.452048,-3.332686,2026-05-26 17:35:18.181542656,1,7930,177,65
48.455312,-3.358854,2026-05-26 17:35:18.181539584,1,11662,138,52
48.469799,-3.326543,2026-05-26 17:35:18.181596160,1,8907,200,30
48.485304,-3.31865,2026-05-26 17:35:18.181595904,1,10030,195,17
52.665123,-3.24215,2026-05-26 17:35:19.200109056,1,12228,76,59
52.673499,-3.257131,2026-05-26 17:35:19.200112896,1,11841,147,42
52.749349,-0.752907,2026-05-26 17:35:19.937523712,1,5755,108,35
52.744201,-0.739298,2026-05-26 17:35:19.937531136,1,13771,87,14
26.536773,-94.633847,2026-05-26 17:35:19.958393344,1,11929,211,19
52.749792,-0.717038,2026-05-26 17:35:20.300188160,1,7226,101,39
52.741771,-0.724155,2026-05-26 17:35:20.300192000,1,4220,107,15
52.744904,-0.732179,2026-05-26 17:35:20.446418688,1,6275,121,19
51.374707,-2.462664,2026-05-26 17:35:21.346722048,1,5522,147,108
51.373385,-2.395143,2026-05-26 17:35:21.346733824,1,5131,179,95
51.39685,-2.456921,2026-05-26 17:35:21.346741504,1,6058,132,82
51.379642,-2.440036,2026-05-26 17:35:21.346736640,1,14212,131,69
51.371486,-2.433784,2026-05-26 17:35:21.346801152,1,8248,244,36
52.69578,-1.026384,2026-05-26 17:35:28.891880448,1,11529,130,36
52.736238,-0.751475,2026-05-26 17:35:29.77692672,1,4549,137,23
52.780381,-0.70702,2026-05-26 17:35:30.518914304,1,6679,131,20
52.785906,-0.752827,2026-05-26 17:35:30.538995712,1,8162,107,45
52.77615,-0.765425,2026-05-26 17:35:30.539005696,1,10684,87,31
52.737497,-1.003651,2026-05-26 17:35:30.769567744,1,13078,152,17
52.627847,-3.244173,2026-05-26 17:35:30.783002880,1,12650,190,22
52.632263,-3.220602,2026-05-26 17:35:30.812872192,1,9437,149,30
52.630127,-3.210228,2026-05-26 17:35:30.891140096,1,3854,188,45
33.989925,-80.855746,2026-05-26 17:35:30.894057984,1,8423,123,25
33.983453,-80.827765,2026-05-26 17:35:31.46841600,1,10435,227,20
34.120689,-80.842199,2026-05-26 17:35:31.313469440,1,7819,214,27
52.703258,-0.909613,2026-05-26 17:35:31.490023680,1,2779,115,32
52.702461,-0.925109,2026-05-26 17:35:31.490032640,1,9062,96,19
52.681589,-1.377073,2026-05-26 17:35:31.608968960,1,3903,99,27
52.686716,-1.380305,2026-05-26 17:35:31.672234240,1,4050,99,44
52.659399,-1.40078,2026-05-26 17:35:31.672325632,1,10015,98,31
52.623335,-0.955065,2026-05-26 17:35:31.798399488,1,13998,116,46
52.651665,-0.867854,2026-05-26 17:35:31.798416640,1,13338,112,34
52.653928,-0.853398,2026-05-26 17:35:31.798415616,1,10628,112,21
52.712199,-0.772104,2026-05-26 17:35:40.398754560,1,9125,127,25
52.770871,-0.781493,2026-05-26 17:35:40.444425216,1,4420,127,19
52.638003,-3.258973,2026-05-26 17:35:40.702213376,1,4263,106,32
52.64997,-3.240068,2026-05-26 17:35:40.702218240,1,6832,110,20
31.289717,-87.079978,2026-05-26 17:35:40.936193792,1,8999,193,27
52.677758,-0.857848,2026-05-26 17:35:41.20710656,1,3776,115,27
53.051978,-1.669078,2026-05-26 17:35:41.52491520,1,12804,124,19
53.039542,-1.703216,2026-05-26 17:35:41.61156608,1,9341,133,28
52.726119,-0.839415,2026-05-26 17:35:48.279495680,1,14600,160,56
52.745282,-0.864236,2026-05-26 17:35:48.279489792,1,3870,230,40
52.730599,-0.773754,2026-05-26 17:35:48.279510272,1,8118,260,28
52.791654,-0.927683,2026-05-26 17:35:48.302291200,1,3105,98,83
52.762452,-0.89271,2026-05-26 17:35:48.302278912,1,9871,131,70
52.783558,-0.875921,2026-05-26 17:35:48.305178112,1,13270,103,50
52.774642,-0.839418,2026-05-26 17:35:48.305175040,1,5767,123,87
52.775106,-0.859996,2026-05-26 17:35:48.305174272,1,4790,111,83
52.77568,-0.887471,2026-05-26 17:35:48.305171200,1,5729,230,70
52.750774,-0.891589,2026-05-26 17:35:48.305174784,1,11580,219,50
52.763825,-0.873259,2026-05-26 17:35:48.305182720,1,4544,188,37
52.670264,-3.302931,2026-05-26 17:35:55.922617600,1,10086,194,14
52.752739,-0.74565,2026-05-26 17:35:55.933913088,1,12231,100,54
52.750956,-0.728649,2026-05-26 17:35:55.933915392,1,13295,104,53
52.760675,-0.74886,2026-05-26 17:35:55.933916416,1,14704,125,36
52.733427,-0.946728,2026-05-26 17:35:55.986045952,1,11878,101,48
52.732717,-0.9112,2026-05-26 17:35:55.986050816,1,9201,110,31
52.745161,-0.730484,2026-05-26 17:35:56.15494912,1,11964,100,62
52.753357,-0.734425,2026-05-26 17:35:56.15487744,1,8127,112,38
52.795298,-0.601875,2026-05-26 17:35:56.114590208,1,9865,215,46
52.72471,-0.722646,2026-05-26 17:35:56.114608384,1,7696,99,34
52.74082,-0.726215,2026-05-26 17:35:56.114610432,1,12664,115,17
27.907416,119.22012,2026-05-26 17:35:04.112289280,2,11744,236,19
27.9709,119.173792,2026-05-26 17:35:04.418082816,2,7195,233,26
2.994443,119.735035,2026-05-26 17:35:31.375113216,2,13861,222,29
27.978181,119.036573,2026-05-26 17:35:38.950014976,2,9362,231,23
27.977455,119.077499,2026-05-26 17:35:39.127210240,2,7442,233,26
28.692973,109.365208,2026-05-26 17:35:42.177998080,2,14496,234,37
29.0482,109.820283,2026-05-26 17:35:42.420214016,2,12705,212,27
31.032302,130.338762,2026-05-26 17:35:50.63758848,2,12818,167,21
32.195219,-87.504245,2026-05-26 17:35:07.173943296,3,8481,198,44
32.204808,-87.518554,2026-05-26 17:35:07.173988096,3,3105,261,28
32.263401,-87.514921,2026-05-26 17:35:07.174004992,3,7584,240,14
34.986225,-80.353219,2026-05-26 17:35:07.573725440,3,7635,192,101
34.969948,-80.369202,2026-05-26 17:35:07.573718784,3,8623,137,83
35.039692,-80.366993,2026-05-26 17:35:07.573747968,3,9214,254,65
34.954482,-80.344021,2026-05-26 17:35:07.580207360,3,10151,193,51
34.977245,-80.354961,2026-05-26 17:35:07.610156800,3,5296,192,62
34.917359,-80.422979,2026-05-26 17:35:07.610171136,3,7314,177,36
35.033835,-80.359445,2026-05-26 17:35:07.610211072,3,5069,254,22
34.976455,-80.363298,2026-05-26 17:35:07.661213696,3,4904,192,44
35.003181,-80.361842,2026-05-26 17:35:07.661262336,3,8674,212,24
34.982832,-80.367589,2026-05-26 17:35:07.722904064,3,3117,233,46
34.963166,-80.411924,2026-05-26 17:35:07.722931456,3,7933,135,30
35.076886,-80.370723,2026-05-26 17:35:07.722969344,3,11902,233,17
20.904689,-87.983918,2026-05-26 17:35:08.270776064,3,7181,266,20
26.293559,-94.77182,2026-05-26 17:35:09.37861888,3,6003,239,27
35.803265,-94.208495,2026-05-26 17:35:09.894478080,3,9785,124,69
35.89847,-94.122284,2026-05-26 17:35:09.894519040,3,6875,207,56
35.799707,-94.184409,2026-05-26 17:35:09.894531072,3,6824,149,44
21.72489,-87.211495,2026-05-26 17:35:09.915514368,3,3792,264,97
21.844295,-88.257704,2026-05-26 17:35:18.339149312,3,7167,262,23
34.125915,-101.272624,2026-05-26 17:35:18.600984320,3,12925,152,30
24.238767,-85.882084,2026-05-26 17:35:19.446723840,3,4693,259,32
31.426407,-87.02468,2026-05-26 17:35:19.560768512,3,6886,137,37
31.432654,-86.996341,2026-05-26 17:35:19.560807680,3,7543,235,23
31.433677,-86.989727,2026-05-26 17:35:19.655925760,3,4574,229,33
31.42818,-86.979984,2026-05-26 17:35:19.655961088,3,5933,210,25
26.464132,-94.730295,2026-05-26 17:35:19.783295744,3,5210,236,24
30.764734,-83.842539,2026-05-26 17:35:19.889616640,3,11171,192,30
26.48975,-94.730272,2026-05-26 17:35:19.958359040,3,5676,239,63
26.623565,-94.63574,2026-05-26 17:35:19.958421248,3,7695,251,54
31.407832,-101.195935,2026-05-26 17:35:20.339732224,3,4102,220,31
33.268417,-100.951385,2026-05-26 17:35:20.402630144,3,3771,177,37
33.411031,-100.868441,2026-05-26 17:35:20.402685440,3,7742,196,25
21.152372,-88.10956,2026-05-26 17:35:21.62501120,3,5806,227,44
21.249227,-88.164078,2026-05-26 17:35:21.180192512,3,5030,267,31
30.988981,-93.019472,2026-05-26 17:35:21.874525952,3,2725,194,89
31.129269,-93.044376,2026-05-26 17:35:21.874562048,3,2821,190,76
31.123754,-93.036136,2026-05-26 17:35:21.874588928,3,6239,243,59
31.06404,-93.068218,2026-05-26 17:35:21.924295680,3,12291,179,63
31.041801,-93.079312,2026-05-26 17:35:21.924323584,3,8706,190,57
31.041862,-93.107565,2026-05-26 17:35:21.924319232,3,4779,256,45
31.042012,-93.019834,2026-05-26 17:35:21.924345600,3,6626,233,25
31.013726,-93.100562,2026-05-26 17:35:21.941325312,3,2651,207,44
31.156047,-93.039926,2026-05-26 17:35:21.941377536,3,1854,251,31
31.004421,-93.1114,2026-05-26 17:35:21.991245824,3,4247,206,28
27.701859,-90.927076,2026-05-26 17:35:22.261752576,3,4396,268,46
27.90954,-90.906966,2026-05-26 17:35:22.261827072,3,3600,255,32
27.820711,-90.958383,2026-05-26 17:35:22.284925440,3,6537,265,17
27.818408,-90.981252,2026-05-26 17:35:22.310113024,3,4079,198,30
33.077995,-93.681673,2026-05-26 17:35:22.320064256,3,5360,151,22
27.863422,-90.998589,2026-05-26 17:35:22.335255552,3,3175,251,32
28.153044,-90.808419,2026-05-26 17:35:22.335377408,3,13095,260,16
27.810674,-90.976222,2026-05-26 17:35:22.371448832,3,6355,193,53
27.931298,-90.905453,2026-05-26 17:35:22.371499008,3,5346,255,38
31.562163,-86.94837,2026-05-26 17:35:29.675502336,3,9327,247,22
27.863452,-90.881985,2026-05-26 17:35:30.661149696,3,8808,200,44
27.982382,-90.869092,2026-05-26 17:35:30.661221120,3,9973,245,31
33.990287,-80.850967,2026-05-26 17:35:30.894049024,3,9163,94,71
34.064325,-80.864854,2026-05-26 17:35:30.894080000,3,7292,262,50
34.040076,-80.861406,2026-05-26 17:35:30.894107392,3,9620,163,36
34.008735,-80.864765,2026-05-26 17:35:30.894095360,3,10663,164,20
33.997984,-80.828568,2026-05-26 17:35:30.956861696,3,8707,122,28
34.020397,-80.837393,2026-05-26 17:35:31.46854144,3,10135,215,45
34.067157,-80.817794,2026-05-26 17:35:31.46902016,3,9473,211,23
34.00275,-80.822473,2026-05-26 17:35:31.313425152,3,7883,104,82
34.092768,-80.83202,2026-05-26 17:35:31.313459200,3,7110,261,64
34.027884,-80.822175,2026-05-26 17:35:31.313477120,3,9271,216,51
34.026596,-80.821757,2026-05-26 17:35:31.313467392,3,12966,163,38
24.485311,-85.853864,2026-05-26 17:35:32.956452096,3,6107,269,33
24.501657,-85.885901,2026-05-26 17:35:33.135445504,3,4633,269,62
24.19573,-85.935136,2026-05-26 17:35:33.352427264,3,7208,260,38
35.183054,-80.169252,2026-05-26 17:35:33.522322432,3,12756,188,18
24.52305,-85.874566,2026-05-26 17:35:33.684147456,3,7996,237,17
24.187201,-85.915148,2026-05-26 17:35:34.99956224,3,9892,260,24
22.50036,-85.981963,2026-05-26 17:35:35.383203072,3,4614,259,83
22.513322,-85.988369,2026-05-26 17:35:35.383242240,3,9979,249,76
33.628948,-101.010793,2026-05-26 17:35:35.509433600,3,3999,158,46
33.869734,-101.018472,2026-05-26 17:35:35.509498368,3,14255,214,62
33.697715,-101.008248,2026-05-26 17:35:35.509487616,3,5179,199,46
21.180199,-88.185659,2026-05-26 17:35:35.614179328,3,8675,268,20
30.487214,-101.602022,2026-05-26 17:35:35.654748160,3,8959,191,42
30.634145,-101.647369,2026-05-26 17:35:35.654793472,3,8745,222,25
30.424366,-101.726247,2026-05-26 17:35:35.714440448,3,7390,228,32
33.649883,-100.979151,2026-05-26 17:35:35.809242368,3,10728,122,46
33.65165,-101.080138,2026-05-26 17:35:35.809266944,3,9473,181,59
34.374392,-80.586071,2026-05-26 17:35:42.834153472,3,14733,133,16
26.526628,-94.732567,2026-05-26 17:35:43.187914752,3,7752,145,40
26.632466,-94.719125,2026-05-26 17:35:43.187982592,3,6542,255,30
26.551591,-94.699709,2026-05-26 17:35:43.404252672,3,13128,211,21
23.912604,-87.110235,2026-05-26 17:35:43.667124480,3,13941,231,37
23.870303,-87.065791,2026-05-26 17:35:43.667147008,3,10202,249,53
23.864374,-87.064257,2026-05-26 17:35:43.667143424,3,8960,249,46
25.119766,-85.671429,2026-05-26 17:35:43.833381632,3,7779,220,24
25.217894,-85.733933,2026-05-26 17:35:43.938640896,3,7852,218,55
31.271447,-84.635845,2026-05-26 17:35:45.283568384,3,6727,219,26
33.918348,-80.929929,2026-05-26 17:35:45.954398720,3,13301,152,27
24.061082,-87.446027,2026-05-26 17:35:46.173417472,3,11476,240,22
24.134222,-87.410062,2026-05-26 17:35:46.208146944,3,8568,239,39
27.118967,-92.872995,2026-05-26 17:35:46.497920000,3,6180,222,27
27.104997,-92.869376,2026-05-26 17:35:46.505587968,3,11838,150,45
27.239887,-92.880433,2026-05-26 17:35:46.505633792,3,7389,259,37
31.875294,-101.114225,2026-05-26 17:35:47.240158208,3,8004,166,30
31.336812,-101.221371,2026-05-26 17:35:47.282768128,3,6556,186,22
31.513882,-87.06548,2026-05-26 17:35:47.327613184,3,13428,133,79
31.523361,-87.005033,2026-05-26 17:35:47.327659264,3,7774,242,43
24.534126,-86.044813,2026-05-26 17:35:55.861555456,3,8714,269,25
21.261045,-88.26835,2026-05-26 17:35:56.943963648,3,6224,266,32
21.255807,-88.263954,2026-05-26 17:35:56.994815744,3,4659,267,31
21.271149,-88.264901,2026-05-26 17:35:57.43159552,3,4251,266,24
21.135508,-88.050711,2026-05-26 17:35:57.92788992,3,11220,265,17
21.080202,-88.213211,2026-05-26 17:35:57.170958592,3,5722,265,69
27.907416,119.22012,2026-05-26 17:35:04.112289280,4,11744,236,19
27.974939,119.194895,2026-05-26 17:35:04.418089216,4,7715,230,20
35.007753,-80.358513,2026-05-26 17:35:07.573730560,4,13936,199,22
27.978434,119.037013,2026-05-26 17:35:38.950015232,4,9362,231,23
27.977455,119.077499,2026-05-26 17:35:39.127210240,4,7442,238,29
28.705776,109.829173,2026-05-26 17:35:42.178140928,4,12108,236,39
29.0482,109.820283,2026-05-26 17:35:42.420214016,4,12705,212,27
31.032302,130.338762,2026-05-26 17:35:50.63758848,4,12818,167,20
21.933828,-85.668069,2026-05-26 17:35:00.402850816,7,13973,253,23
23.327602,-88.923733,2026-05-26 17:35:00.416488192,7,6658,248,17
24.3188,-85.801652,2026-05-26 17:35:00.465884160,7,3596,231,23
23.124941,-88.870019,2026-05-26 17:35:00.791852544,7,6978,245,18
23.467843,-87.047159,2026-05-26 17:35:04.377696512,7,2454,241,29
22.624492,-84.02814,2026-05-26 17:35:05.95377152,7,11872,260,11
26.394515,-94.757397,2026-05-26 17:35:09.37885184,7,13195,243,12
21.596768,-87.189347,2026-05-26 17:35:09.915501056,7,1815,243,29
21.543892,-87.094529,2026-05-26 17:35:10.66192640,7,8826,222,16
24.300437,-85.909646,2026-05-26 17:35:10.659267584,7,8066,268,20
27.086706,-92.867974,2026-05-26 17:35:12.886268672,7,6497,146,34
27.059994,-92.988564,2026-05-26 17:35:12.996392704,7,3896,216,10
21.16735,-88.088635,2026-05-26 17:35:21.62500864,7,11789,223,19
21.239074,-88.173613,2026-05-26 17:35:21.180190720,7,7590,226,13
27.798186,-90.975763,2026-05-26 17:35:22.261781248,7,6517,193,15
27.808052,-90.981356,2026-05-26 17:35:22.310112768,7,4826,193,12
27.804901,-90.975161,2026-05-26 17:35:22.335238400,7,7055,196,12
27.768691,-90.967899,2026-05-26 17:35:22.371442432,7,2546,243,20
27.807362,-90.984379,2026-05-26 17:35:22.452974336,7,6178,195,10
24.143102,-85.810241,2026-05-26 17:35:26.187982080,7,4412,203,21
24.295189,-85.853428,2026-05-26 17:35:32.956379392,7,7372,233,15
24.300802,-85.84765,2026-05-26 17:35:33.13208576,7,7432,233,13
24.358717,-85.816663,2026-05-26 17:35:33.52092672,7,9958,232,10
24.374976,-85.906475,2026-05-26 17:35:33.352492544,7,11073,269,13
24.392737,-85.758221,2026-05-26 17:35:34.100039168,7,12183,231,9
22.497291,-85.999285,2026-05-26 17:35:35.383238400,7,8165,213,22
24.330011,-85.84045,2026-05-26 17:35:35.869082368,7,12513,231,14
24.367336,-85.79664,2026-05-26 17:35:35.972200704,7,4316,231,14
24.498378,-85.89997,2026-05-26 17:35:36.59329536,7,4244,268,19
24.372171,-85.827917,2026-05-26 17:35:36.257291776,7,7137,231,12
26.513566,-94.775783,2026-05-26 17:35:43.187930880,7,12713,145,17
23.811369,-87.070828,2026-05-26 17:35:43.667130112,7,4767,204,24
25.236486,-85.825883,2026-05-26 17:35:43.938676224,7,6779,264,17
27.040278,-93.015409,2026-05-26 17:35:46.505554688,7,5394,225,14
24.527355,-85.929997,2026-05-26 17:35:51.723975424,7,13836,235,13
21.217333,-88.286998,2026-05-26 17:35:56.943948544,7,7323,225,15
21.184715,-88.265052,2026-05-26 17:35:57.171007232,7,4573,226,22
28.006318,119.225721,2026-05-26 17:35:04.112313856,9,6180,230,15
27.921721,119.17671,2026-05-26 17:35:07.737656576,9,9348,237,10
27.888346,118.770163,2026-05-26 17:35:21.436788480,9,5777,241,19
28.099775,119.378503,2026-05-26 17:35:24.935204864,9,10430,235,17
27.977581,119.07702,2026-05-26 17:35:38.950024960,9,7255,231,17
27.971443,119.096094,2026-05-26 17:35:39.127218176,9,7775,231,24
31.047575,130.349132,2026-05-26 17:35:50.63765248,9,6106,167,24
31.032215,130.338663,2026-05-26 17:35:50.63765760,9,12817,172,13
52.429109,-0.387913,2026-05-26 19:00:04.749194752,1,11963,178,16
52.419456,-0.454835,2026-05-26 19:00:04.754998016,1,9257,122,57
52.413065,-0.463497,2026-05-26 19:00:04.754993408,1,9535,103,35
52.479623,-0.468147,2026-05-26 19:00:05.679124736,1,6370,108,18
52.607525,-0.839274,2026-05-26 19:00:05.930369792,1,13234,91,25
52.587348,-0.819161,2026-05-26 19:00:06.248875776,1,14602,133,14
52.487473,-0.451266,2026-05-26 19:00:06.359582720,1,7187,175,16
52.497334,-0.443129,2026-05-26 19:00:06.377051136,1,10093,139,25
27.490952,-90.846525,2026-05-26 19:00:06.749122560,1,13515,263,31
52.356544,-0.534903,2026-05-26 19:00:07.113728768,1,6382,119,18
52.352121,-0.627259,2026-05-26 19:00:07.277862400,1,12178,81,18
52.42183,-0.473579,2026-05-26 19:00:07.347673088,1,11007,129,18
25.524678,-85.672945,2026-05-26 19:00:08.159602176,1,10500,262,33
52.448827,-0.522395,2026-05-26 19:00:08.745609984,1,7753,87,25
34.190062,-80.331206,2026-05-26 19:00:08.867194624,1,14227,141,28
52.449621,-0.510438,2026-05-26 19:00:08.934939904,1,3468,130,16
52.916183,-2.090547,2026-05-26 19:00:09.191976192,1,4493,135,53
52.889448,-1.989723,2026-05-26 19:00:09.191971584,1,8642,130,40
52.896818,-2.044072,2026-05-26 19:00:09.191987712,1,5844,107,27
32.52774,-96.66003,2026-05-26 19:00:16.996878848,1,13811,169,30
35.839191,-90.85692,2026-05-26 19:00:19.71256576,1,14735,97,24
52.639807,-0.899573,2026-05-26 19:00:20.526100992,1,7745,105,28
52.615793,-0.878059,2026-05-26 19:00:20.531675648,1,13483,122,20
46.22925,10.503346,2026-05-26 19:00:21.436969984,1,9735,68,65
46.239547,10.513136,2026-05-26 19:00:21.436975616,1,4533,138,70
46.23202,10.513686,2026-05-26 19:00:21.436973056,1,10151,81,53
46.230172,10.529197,2026-05-26 19:00:21.444534784,1,5234,136,53
46.22063,10.515505,2026-05-26 19:00:21.444532992,1,5832,125,47
46.228471,10.512746,2026-05-26 19:00:21.444537344,1,7754,92,27
52.434199,-0.401041,2026-05-26 19:00:21.780692736,1,11520,90,26
52.848005,-1.685928,2026-05-26 19:00:23.378191360,1,5102,93,54
52.850589,-1.687571,2026-05-26 19:00:23.378192384,1,6831,110,40
52.825639,-1.750396,2026-05-26 19:00:23.378195968,1,6092,131,24
22.06065,-85.708621,2026-05-26 19:00:23.850325248,1,14980,264,19
31.356606,-93.883759,2026-05-26 19:00:23.950530304,1,14691,171,30
31.317069,-93.951137,2026-05-26 19:00:23.990765312,1,8950,130,28
33.442358,-83.780179,2026-05-26 19:00:24.699617280,1,14650,210,23
33.407012,-83.852602,2026-05-26 19:00:24.709362432,1,7359,180,31
52.491311,-0.471017,2026-05-26 19:00:24.757466368,1,4276,105,28
52.801912,-1.896324,2026-05-26 19:00:25.45587968,1,4413,135,17
31.12433,-87.736663,2026-05-26 19:00:32.694270976,1,11609,141,32
31.330207,-87.65934,2026-05-26 19:00:32.694390272,1,14334,253,23
52.507944,-0.619489,2026-05-26 19:00:32.850198016,1,13300,127,64
52.488955,-0.488939,2026-05-26 19:00:32.850231808,1,14772,109,52
52.507737,-0.539094,2026-05-26 19:00:33.2892800,1,10755,93,22
52.421919,-0.408133,2026-05-26 19:00:33.66381824,1,12756,135,21
31.683539,-88.703845,2026-05-26 19:00:33.140983808,1,13711,204,39
27.678016,-91.080019,2026-05-26 19:00:33.891835648,1,9413,130,20
27.630538,-91.090753,2026-05-26 19:00:33.943573248,1,12999,203,19
31.528507,-93.437687,2026-05-26 19:00:34.166156544,1,8439,169,49
31.6397,-93.434728,2026-05-26 19:00:34.166234368,1,8531,251,34
52.325164,-0.609799,2026-05-26 19:00:41.766656000,1,12938,111,21
52.460223,-0.414922,2026-05-26 19:00:41.851539200,1,11338,93,50
52.447451,-0.43328,2026-05-26 19:00:41.851536384,1,13631,138,36
52.271463,-0.874188,2026-05-26 19:00:42.164946176,1,5743,106,116
52.277626,-0.862461,2026-05-26 19:00:42.164944128,1,8150,85,102
52.27662,-0.880537,2026-05-26 19:00:42.164942592,1,5696,94,82
52.27529,-0.886173,2026-05-26 19:00:42.164945408,1,8049,144,65
52.267254,-0.871832,2026-05-26 19:00:42.164968192,1,8967,205,44
52.213163,-0.811122,2026-05-26 19:00:42.164993280,1,13655,202,30
33.818085,-100.817681,2026-05-26 19:00:42.517272320,1,12863,230,17
52.488557,-0.439544,2026-05-26 19:00:49.999565568,1,4342,90,30
52.489809,-0.433226,2026-05-26 19:00:50.249744896,1,12838,176,42
52.495571,-0.471995,2026-05-26 19:00:50.249744896,1,14475,105,34
33.959893,-80.708087,2026-05-26 19:00:50.281881344,1,4670,153,33
21.387092,-88.134929,2026-05-26 19:00:52.168568576,1,8979,266,36
52.244993,-0.91812,2026-05-26 19:00:52.593318400,1,11495,104,45
52.289018,-0.85625,2026-05-26 19:00:52.593330176,1,6814,91,32
52.289329,-0.86829,2026-05-26 19:00:52.593330432,1,8612,103,19
52.280372,-0.865973,2026-05-26 19:00:52.614148608,1,10551,82,24
30.349657,-101.396953,2026-05-26 19:00:52.655241472,1,13518,211,26
52.574639,-0.919364,2026-05-26 19:00:52.688926720,1,6766,164,25
52.572644,-0.93918,2026-05-26 19:00:52.705575936,1,6694,93,49
52.578659,-0.873376,2026-05-26 19:00:52.705569024,1,10189,169,34
34.705525,-101.412788,2026-05-26 19:00:59.833907456,1,9933,111,46
34.738226,-101.491336,2026-05-26 19:00:59.833929984,1,13079,187,34
34.81059,-101.419548,2026-05-26 19:00:59.868987392,1,14892,225,31
34.720198,-101.411291,2026-05-26 19:00:59.890725120,1,14479,185,27
34.828993,-101.413198,2026-05-26 19:00:59.919919360,1,14194,188,31
34.798682,-101.404184,2026-05-26 19:00:59.979659008,1,14280,224,34
24.535481,-85.574197,2026-05-26 19:01:00.479907328,1,6323,236,41
52.437236,-0.457557,2026-05-26 19:01:08.41013248,1,6686,152,23
52.441774,-0.459481,2026-05-26 19:01:08.59883264,1,12256,92,34
52.420248,-0.453958,2026-05-26 19:01:08.207953920,1,10846,122,39
52.432471,-0.43419,2026-05-26 19:01:08.207955968,1,11717,104,30
27.657484,-90.653515,2026-05-26 19:01:08.461143808,1,11637,199,24
27.654554,-90.588855,2026-05-26 19:01:08.578735360,1,9104,131,20
52.470605,-0.496313,2026-05-26 19:01:08.598168576,1,13492,89,35
52.345074,-0.542361,2026-05-26 19:01:10.467565056,1,4254,84,16
52.342396,-0.506122,2026-05-26 19:01:10.484913920,1,5453,115,36
52.342989,-0.506453,2026-05-26 19:01:10.484914176,1,4536,107,21
52.314304,-0.607006,2026-05-26 19:01:11.594620928,1,6531,109,15
52.36305,-0.608582,2026-05-26 19:01:11.672966912,1,6297,103,23
29.20035,-100.05215,2026-05-26 19:01:12.11234048,1,12391,215,29
52.445123,-0.479258,2026-05-26 19:01:12.406779136,1,6003,131,20
52.465934,-0.400293,2026-05-26 19:01:12.658668544,1,6828,126,47
52.481146,-0.417975,2026-05-26 19:01:12.663157248,1,3103,94,49
52.544492,-0.642086,2026-05-26 19:01:12.663143424,1,11758,260,33
52.465062,-0.394485,2026-05-26 19:01:19.686019840,1,14729,92,25
52.327506,-0.574931,2026-05-26 19:01:19.745874688,1,8382,83,23
46.228812,10.494293,2026-05-26 19:01:20.82321152,1,12602,79,72
46.227684,10.502766,2026-05-26 19:01:20.82319616,1,11148,91,51
46.231989,10.498918,2026-05-26 19:01:20.82323200,1,5630,114,31
46.237383,10.521465,2026-05-26 19:01:20.110556160,1,8076,112,28
46.235814,10.518132,2026-05-26 19:01:20.120789248,1,8920,82,38
46.225954,10.487352,2026-05-26 19:01:20.120797184,1,14135,95,17
52.46581,-0.422569,2026-05-26 19:01:21.67454208,1,14152,126,63
52.473559,-0.424506,2026-05-26 19:01:21.67459840,1,9950,108,45
52.472724,-0.435738,2026-05-26 19:01:21.67482624,1,9313,106,32
24.523333,-85.499402,2026-05-26 19:01:21.347223040,1,9107,236,31
52.800137,-1.842258,2026-05-26 19:01:21.811162368,1,6439,116,18
52.470943,-0.472157,2026-05-26 19:01:29.396626944,1,7891,89,28
52.252847,-0.844844,2026-05-26 19:01:29.465701632,1,14268,103,33
52.434315,-0.536352,2026-05-26 19:01:30.837273600,1,8565,125,37
52.453667,-0.579228,2026-05-26 19:01:30.837278720,1,12573,102,26
33.200283,-93.377212,2026-05-26 19:01:31.185297664,1,12502,156,25
52.652996,-0.933452,2026-05-26 19:01:31.216227072,1,6565,152,25
52.654381,-0.944844,2026-05-26 19:01:31.224064000,1,5921,153,41
33.182845,-93.437502,2026-05-26 19:01:31.298054912,1,4512,234,34
33.202325,-93.359178,2026-05-26 19:01:31.426258688,1,13138,140,28
52.689628,-0.899572,2026-05-26 19:01:38.595281152,1,7027,98,28
52.270097,-0.820531,2026-05-26 19:01:39.293261312,1,8192,102,36
34.425349,-81.630919,2026-05-26 19:01:39.609627136,1,8344,157,25
52.406606,-0.435154,2026-05-26 19:01:39.814764288,1,8727,131,37
52.391353,-0.502276,2026-05-26 19:01:39.814781184,1,14225,89,23
52.454229,-0.486474,2026-05-26 19:01:39.879989760,1,5786,91,26
52.779441,-1.919872,2026-05-26 19:01:40.123795712,1,4834,94,100
52.364386,-0.489758,2026-05-26 19:01:47.990294272,1,12287,83,18
52.277011,-0.866064,2026-05-26 19:01:48.94996224,1,7997,110,66
52.268921,-0.873679,2026-05-26 19:01:48.95000832,1,3531,139,62
52.302769,-0.922158,2026-05-26 19:01:48.94988288,1,14242,265,48
52.235027,-0.911169,2026-05-26 19:01:48.95027712,1,10059,205,35
52.262545,-0.882412,2026-05-26 19:01:48.135123968,1,6571,169,62
52.265521,-0.873166,2026-05-26 19:01:48.135126784,1,8849,123,103
52.302531,-0.989577,2026-05-26 19:01:48.135139584,1,4684,129,90
52.265668,-0.872736,2026-05-26 19:01:48.135167232,1,6305,114,76
52.27595,-0.885718,2026-05-26 19:01:48.135174144,1,7717,167,58
52.268191,-0.901903,2026-05-26 19:01:48.135171328,1,4092,205,44
52.368015,-0.492326,2026-05-26 19:01:55.379798272,1,10998,121,16
26.179019,-94.355077,2026-05-26 19:01:55.874824192,1,7505,246,30
52.764577,-1.913053,2026-05-26 19:01:56.153351168,1,10731,110,30
52.776978,-1.967289,2026-05-26 19:01:56.279188480,1,13636,106,23
-37.956522,149.785499,2026-05-26 19:00:15.653591808,2,13070,145,20
-37.990396,149.832521,2026-05-26 19:00:15.871475200,2,10178,185,37
28.589286,112.894689,2026-05-26 19:00:25.96188160,2,10581,198,21
1.661534,122.014738,2026-05-26 19:00:28.792995840,2,13334,218,19
-38.089211,149.849915,2026-05-26 19:00:34.178330624,2,8778,190,25
28.086997,115.253253,2026-05-26 19:00:39.372768768,2,11029,251,27
28.021598,112.898193,2026-05-26 19:00:39.497061632,2,13961,199,24
1.653303,122.03449,2026-05-26 19:00:48.72152064,2,3961,218,24
27.850954,113.610983,2026-05-26 19:01:09.294951680,2,9591,262,27
28.066773,112.882818,2026-05-26 19:01:09.568913408,2,13159,199,25
1.63316,122.067627,2026-05-26 19:01:18.25139712,2,14221,218,17
1.642445,121.992893,2026-05-26 19:01:19.656140288,2,7300,218,17
29.346565,109.729822,2026-05-26 19:01:20.871308032,2,11367,269,25
28.053913,120.092689,2026-05-26 19:01:21.717465088,2,5925,233,27
28.119778,115.43169,2026-05-26 19:01:26.953009664,2,5942,255,30
-38.064427,149.839637,2026-05-26 19:01:34.962510848,2,3361,185,29
7.580748,121.083455,2026-05-26 19:01:44.323592704,2,6645,191,22
27.949561,120.190439,2026-05-26 19:01:44.946563584,2,13686,227,19
28.505898,112.984722,2026-05-26 19:01:48.825613824,2,13820,198,35
-4.492039,106.816484,2026-05-26 19:01:53.506811648,2,10706,249,20
25.782512,-94.326016,2026-05-26 19:00:01.272595200,3,14270,253,20
21.291965,-87.892661,2026-05-26 19:00:01.376979712,3,3246,270,18
21.287071,-87.884697,2026-05-26 19:00:01.443814656,3,1984,267,23
32.096162,-84.319518,2026-05-26 19:00:01.559899904,3,8142,220,29
31.963109,-84.241158,2026-05-26 19:00:01.559884032,3,6789,221,16
34.2371,-80.249077,2026-05-26 19:00:08.867185152,3,14740,148,61
34.211407,-80.28063,2026-05-26 19:00:08.867204864,3,11617,145,51
34.265525,-80.252761,2026-05-26 19:00:08.867233280,3,9204,212,39
34.308872,-80.269832,2026-05-26 19:00:08.867251968,3,12830,165,26
21.514926,-87.760627,2026-05-26 19:00:09.627961088,3,8474,263,68
34.049312,-101.192061,2026-05-26 19:00:09.695818752,3,14755,118,124
34.042547,-101.179436,2026-05-26 19:00:09.695831296,3,11615,99,112
34.176599,-101.104159,2026-05-26 19:00:09.695882496,3,10938,223,98
32.573358,-96.422827,2026-05-26 19:00:16.996933120,3,12688,206,63
32.524905,-96.493368,2026-05-26 19:00:16.996915200,3,7433,105,51
32.505015,-96.500194,2026-05-26 19:00:16.996921856,3,5653,153,36
35.226142,-79.700661,2026-05-26 19:00:17.196353280,3,13641,241,22
35.754632,-90.799422,2026-05-26 19:00:18.219490560,3,11561,123,15
35.736971,-90.881506,2026-05-26 19:00:18.219508224,3,6223,141,28
31.424724,-85.312079,2026-05-26 19:00:18.914219776,3,6834,244,25
35.81283,-90.764648,2026-05-26 19:00:19.71225088,3,4491,235,62
35.836929,-90.780814,2026-05-26 19:00:19.71230720,3,11083,134,54
35.822982,-90.790537,2026-05-26 19:00:19.71265536,3,5367,144,39
35.867651,-90.752598,2026-05-26 19:00:19.71284480,3,3774,226,24
35.861446,-90.754379,2026-05-26 19:00:19.360059648,3,12053,141,20
35.925982,-90.723384,2026-05-26 19:00:19.572459776,3,14600,133,26
35.868863,-90.76533,2026-05-26 19:00:19.572482560,3,12024,154,26
35.590569,-102.83359,2026-05-26 19:00:20.286263552,3,7226,196,23
34.536203,-80.158556,2026-05-26 19:00:21.150907136,3,10937,136,21
33.49515,-100.686168,2026-05-26 19:00:21.934768640,3,5169,243,26
33.497408,-100.700442,2026-05-26 19:00:21.976969472,3,9083,244,25
33.495969,-100.704297,2026-05-26 19:00:22.37949184,3,10837,244,21
33.591067,-100.650559,2026-05-26 19:00:22.225434112,3,5264,189,26
23.070208,-88.697557,2026-05-26 19:00:23.779494400,3,5324,251,69
22.286864,-85.744234,2026-05-26 19:00:23.894090240,3,6248,262,16
31.306714,-93.875,2026-05-26 19:00:23.950488576,3,2744,163,83
31.417735,-93.882728,2026-05-26 19:00:23.950518528,3,6819,190,70
31.411167,-93.880683,2026-05-26 19:00:23.950545408,3,7029,219,54
33.330636,-105.238923,2026-05-26 19:00:31.449500672,3,14022,177,29
29.399416,-101.965737,2026-05-26 19:00:32.121128448,3,8037,226,20
29.257875,-102.156567,2026-05-26 19:00:32.306032896,3,8381,230,19
31.201441,-87.724927,2026-05-26 19:00:32.694302208,3,4790,203,74
31.169873,-87.765784,2026-05-26 19:00:32.694301696,3,11067,143,69
31.126835,-87.737855,2026-05-26 19:00:32.694319360,3,13777,191,54
31.172559,-87.745995,2026-05-26 19:00:32.694332416,3,5502,244,41
31.183497,-87.734609,2026-05-26 19:00:32.694341376,3,6405,220,26
29.522305,-101.517279,2026-05-26 19:00:33.56522496,3,6132,222,48
29.559271,-101.527325,2026-05-26 19:00:33.56537600,3,4097,233,34
29.56244,-101.525646,2026-05-26 19:00:33.56538368,3,10484,233,20
31.770495,-88.598813,2026-05-26 19:00:33.140990464,3,10224,130,95
31.85121,-88.605664,2026-05-26 19:00:33.141022464,3,8463,202,78
31.817551,-88.605667,2026-05-26 19:00:33.141040384,3,9717,230,63
31.814636,-88.601101,2026-05-26 19:00:33.141049088,3,6720,242,48
31.834064,-88.599702,2026-05-26 19:00:33.141050624,3,5367,249,36
38.67777,-111.331215,2026-05-26 19:00:33.347814912,3,12709,92,20
29.539645,-101.518521,2026-05-26 19:00:33.371288320,3,3775,222,32
31.88642,-88.452919,2026-05-26 19:00:33.732840448,3,3767,216,39
31.842087,-88.612433,2026-05-26 19:00:33.732837120,3,5578,230,40
27.706706,-91.139174,2026-05-26 19:00:33.891836416,3,4482,179,41
27.680317,-91.047691,2026-05-26 19:00:33.943598592,3,6358,148,32
32.606842,-100.791493,2026-05-26 19:00:41.850391296,3,14420,138,54
32.609772,-100.858524,2026-05-26 19:00:41.850417664,3,6581,179,50
32.670536,-100.789823,2026-05-26 19:00:41.850448896,3,5581,189,33
32.671842,-100.802212,2026-05-26 19:00:41.872974592,3,10380,202,30
32.642179,-100.795066,2026-05-26 19:00:41.872969984,3,8131,176,16
22.10924,-85.55266,2026-05-26 19:00:41.935072000,3,10389,259,32
32.205213,-95.387467,2026-05-26 19:00:42.129082624,3,6071,117,37
32.333958,-95.389313,2026-05-26 19:00:42.129142016,3,4575,253,28
26.08205,-94.321702,2026-05-26 19:00:42.186961920,3,9066,152,39
26.123629,-94.274223,2026-05-26 19:00:42.187012352,3,10689,213,78
26.178528,-94.296786,2026-05-26 19:00:42.187025152,3,10467,254,62
33.709469,-100.734828,2026-05-26 19:00:42.354317824,3,10309,119,61
33.764753,-100.811946,2026-05-26 19:00:42.354355712,3,5138,193,48
31.551015,-100.458422,2026-05-26 19:00:42.411057920,3,4668,210,21
33.756745,-100.805193,2026-05-26 19:00:42.436014336,3,7506,193,30
33.821863,-100.707937,2026-05-26 19:00:42.436044800,3,8734,225,17
33.725204,-100.913685,2026-05-26 19:00:42.517230592,3,5324,117,50
33.750639,-100.863405,2026-05-26 19:00:42.517248768,3,3362,267,36
23.462775,-88.618132,2026-05-26 19:00:42.558164736,3,3913,247,26
33.727585,-100.909148,2026-05-26 19:00:42.589512448,3,7337,213,28
33.668815,-100.79422,2026-05-26 19:00:42.919034368,3,4915,139,68
33.791502,-100.838474,2026-05-26 19:00:42.919069184,3,5520,200,54
34.271341,-97.905376,2026-05-26 19:00:50.2468608,3,14714,106,39
34.401661,-97.82581,2026-05-26 19:00:50.2501120,3,12565,205,26
33.898762,-80.677816,2026-05-26 19:00:50.281854976,3,8830,121,18
33.894035,-80.710966,2026-05-26 19:00:50.281858304,3,6855,142,60
34.008343,-80.760761,2026-05-26 19:00:50.281917184,3,10538,216,36
33.95663,-80.672968,2026-05-26 19:00:50.281913344,3,7942,190,23
33.770037,-100.787194,2026-05-26 19:00:51.486468096,3,10957,180,22
21.302378,-87.905506,2026-05-26 19:00:51.770747904,3,3815,269,24
21.300462,-88.207697,2026-05-26 19:00:52.168533504,3,12025,265,82
21.649824,-88.11839,2026-05-26 19:00:52.168659712,3,10553,245,62
33.79305,-80.571722,2026-05-26 19:00:52.400961536,3,4784,260,37
30.286733,-101.405201,2026-05-26 19:00:52.655168512,3,7913,189,60
30.340448,-101.425535,2026-05-26 19:00:52.655227136,3,13708,219,65
34.306776,-81.413234,2026-05-26 19:00:59.723465472,3,8571,230,13
34.750486,-101.42055,2026-05-26 19:00:59.833892864,3,13806,110,114
34.796665,-101.43025,2026-05-26 19:00:59.833906176,3,12076,176,93
34.802028,-101.427921,2026-05-26 19:00:59.833916672,3,10777,185,74
34.832073,-101.432146,2026-05-26 19:00:59.833927168,3,11360,177,58
34.728066,-101.495531,2026-05-26 19:00:59.833922048,3,12253,198,44
34.743569,-101.49638,2026-05-26 19:00:59.868899840,3,4274,236,45
34.796994,-101.459661,2026-05-26 19:00:59.868930304,3,10389,96,74
34.819619,-101.430502,2026-05-26 19:00:59.868937472,3,9363,191,60
34.854889,-101.426826,2026-05-26 19:00:59.868987392,3,7414,212,45
34.749564,-101.437619,2026-05-26 19:00:59.890682368,3,6785,142,60
34.950733,-101.486659,2026-05-26 19:00:59.890729216,3,13708,190,59
34.742097,-101.439795,2026-05-26 19:00:59.919859200,3,6259,142,74
34.794198,-101.443647,2026-05-26 19:00:59.919907072,3,10532,180,60
27.6854,-90.572243,2026-05-26 19:01:08.461124608,3,5575,199,25
27.762505,-90.587989,2026-05-26 19:01:08.461182208,3,8697,256,41
27.905882,-90.540017,2026-05-26 19:01:08.461238272,3,6411,250,22
27.651879,-90.634181,2026-05-26 19:01:08.578718464,3,8892,194,45
27.777528,-90.570788,2026-05-26 19:01:08.578775040,3,8308,256,30
29.448021,-101.50711,2026-05-26 19:01:10.794569728,3,7055,223,32
29.463656,-101.51939,2026-05-26 19:01:10.794577664,3,10224,225,30
34.556542,-80.132745,2026-05-26 19:01:11.115724800,3,13327,144,41
34.554927,-80.150705,2026-05-26 19:01:11.217937152,3,12424,143,42
34.625192,-80.163875,2026-05-26 19:01:11.217973504,3,7492,140,28
29.036223,-100.062949,2026-05-26 19:01:11.827728384,3,12124,251,34
29.23598,-100.046536,2026-05-26 19:01:11.827803136,3,8404,227,24
29.250299,-100.068816,2026-05-26 19:01:11.857300992,3,7690,224,27
29.087818,-100.015768,2026-05-26 19:01:11.881384192,3,10956,139,37
29.260541,-100.057084,2026-05-26 19:01:11.881445888,3,7707,235,29
29.107096,-100.008951,2026-05-26 19:01:12.11195904,3,11776,116,78
29.215487,-100.060749,2026-05-26 19:01:12.11236864,3,6434,227,66
28.935084,-86.006754,2026-05-26 19:01:13.27139584,3,6361,226,19
33.969868,-78.862409,2026-05-26 19:01:14.204738048,3,11217,174,52
34.048452,-78.886366,2026-05-26 19:01:14.204806656,3,5370,264,31
35.306261,-80.551595,2026-05-26 19:01:14.701817600,3,10154,149,31
32.81442,-96.163772,2026-05-26 19:01:15.150331648,3,4219,123,52
32.900029,-96.168137,2026-05-26 19:01:15.150378752,3,5539,237,40
34.682189,-101.305358,2026-05-26 19:01:22.368312064,3,10650,163,31
34.718028,-101.301559,2026-05-26 19:01:22.392066048,3,7001,128,38
34.699883,-101.335281,2026-05-26 19:01:22.392061184,3,4024,264,25
32.871604,-93.289918,2026-05-26 19:01:22.536944640,3,14790,108,44
33.010949,-93.31859,2026-05-26 19:01:22.537004032,3,11311,235,28
38.689423,-111.335161,2026-05-26 19:01:23.241526016,3,13573,62,36
38.673718,-111.452107,2026-05-26 19:01:23.241553920,3,9177,214,21
22.851279,-84.694557,2026-05-26 19:01:23.294395648,3,13442,254,21
27.779192,-90.847637,2026-05-26 19:01:23.555367168,3,4958,199,19
34.394537,-81.473615,2026-05-26 19:01:24.320421376,3,6069,219,54
34.312995,-81.519788,2026-05-26 19:01:24.320418304,3,7604,137,38
34.3891,-81.454812,2026-05-26 19:01:24.320455936,3,4716,207,25
34.353965,-81.518468,2026-05-26 19:01:24.378733568,3,13257,127,41
34.352142,-81.510577,2026-05-26 19:01:24.378727680,3,11361,160,28
34.260396,-81.604966,2026-05-26 19:01:24.453677056,3,8567,222,57
34.347806,-81.556456,2026-05-26 19:01:24.453715968,3,8361,175,43
34.454714,-81.438723,2026-05-26 19:01:24.453773824,3,7483,241,30
34.35301,-81.455731,2026-05-26 19:01:24.479854336,3,8817,137,94
34.343531,-81.484364,2026-05-26 19:01:24.479851264,3,8552,172,85
34.500747,-81.40488,2026-05-26 19:01:24.479920128,3,5763,249,59
34.380601,-81.464296,2026-05-26 19:01:24.479903488,3,6254,161,38
31.323615,-86.854334,2026-05-26 19:01:24.826240000,3,3707,136,56
31.290647,-86.809436,2026-05-26 19:01:24.826267136,3,8187,212,42
31.287997,-86.823131,2026-05-26 19:01:24.826267904,3,4140,267,29
21.198228,-87.399958,2026-05-26 19:01:25.199111424,3,5351,264,23
31.940179,-100.515655,2026-05-26 19:01:32.278433536,3,7720,257,32
32.115653,-100.325211,2026-05-26 19:01:32.278513664,3,7720,211,19
21.584561,-88.896881,2026-05-26 19:01:32.587332864,3,8160,262,32
31.007201,-87.857135,2026-05-26 19:01:32.638828800,3,12639,251,23
35.432455,-79.45036,2026-05-26 19:01:32.953007104,3,9605,243,32
35.403069,-79.439479,2026-05-26 19:01:32.952995584,3,10044,244,20
21.536883,-88.892551,2026-05-26 19:01:33.448390400,3,7586,202,18
33.862456,-80.632298,2026-05-26 19:01:33.658533632,3,5702,231,16
23.095087,-88.825947,2026-05-26 19:01:33.781221888,3,10043,200,76
23.206003,-88.8255,2026-05-26 19:01:33.781296384,3,8325,269,58
23.280116,-88.700763,2026-05-26 19:01:33.781344000,3,5404,255,36
23.105591,-88.844331,2026-05-26 19:01:33.812305920,3,4573,186,45
23.091073,-88.823882,2026-05-26 19:01:33.830563328,3,3534,251,52
22.993247,-84.719107,2026-05-26 19:01:41.455399680,3,8632,252,65
34.457191,-80.201449,2026-05-26 19:01:41.627085056,3,4257,208,52
34.493275,-80.201986,2026-05-26 19:01:41.627133440,3,5076,160,31
34.509045,-80.196892,2026-05-26 19:01:41.627140864,3,6573,207,18
34.442242,-80.217849,2026-05-26 19:01:41.974164224,3,3908,137,35
34.395085,-80.186902,2026-05-26 19:01:41.974185216,3,4188,164,20
34.446508,-80.194633,2026-05-26 19:01:42.30195712,3,4105,209,25
34.450396,-80.2063,2026-05-26 19:01:42.209949696,3,2410,208,35
34.401661,-80.208076,2026-05-26 19:01:42.209960704,3,13236,145,18
34.449824,-80.203124,2026-05-26 19:01:42.323700224,3,3417,208,40
34.502609,-80.191456,2026-05-26 19:01:42.323755008,3,4910,258,22
21.283276,-87.913507,2026-05-26 19:01:42.975042560,3,3357,267,32
45.658991,-114.154889,2026-05-26 19:01:43.446398720,3,9810,157,22
45.598453,-114.228504,2026-05-26 19:01:43.446424832,3,6503,125,60
31.30161,-93.877573,2026-05-26 19:01:44.519737344,3,2865,166,68
31.339016,-93.89493,2026-05-26 19:01:44.519779328,3,13569,104,56
31.604189,-93.796715,2026-05-26 19:01:44.519873024,3,4633,253,42
31.323183,-93.969113,2026-05-26 19:01:44.551516160,3,6079,124,20
31.288845,-93.918216,2026-05-26 19:01:44.606138880,3,3079,178,31
31.313712,-93.996031,2026-05-26 19:01:44.606142720,3,8243,250,20
32.151602,-87.876653,2026-05-26 19:01:44.883859968,3,5025,195,46
32.219068,-87.873082,2026-05-26 19:01:44.883921664,3,3402,198,33
31.308558,-93.953546,2026-05-26 19:01:45.62735616,3,4939,183,21
33.071611,-93.226095,2026-05-26 19:01:45.491295744,3,8278,142,35
33.385916,-93.250587,2026-05-26 19:01:45.491362048,3,11251,240,55
30.745389,-85.600747,2026-05-26 19:01:52.991230720,3,10285,212,23
26.376584,-94.341764,2026-05-26 19:01:53.458210560,3,12198,149,83
26.424965,-94.313376,2026-05-26 19:01:53.458264320,3,5927,264,65
26.493359,-94.338421,2026-05-26 19:01:53.458283520,3,10068,253,52
26.322722,-94.489799,2026-05-26 19:01:53.495715328,3,4985,256,25
26.359896,-94.425672,2026-05-26 19:01:53.562566656,3,3055,238,29
26.34936,-94.444396,2026-05-26 19:01:53.734897152,3,5413,235,73
26.329384,-94.42759,2026-05-26 19:01:53.770352128,3,10147,235,19
22.192526,-85.592507,2026-05-26 19:01:53.796898560,3,5023,225,76
52.916576,-1.99683,2026-05-26 19:00:13.798786560,4,14761,244,31
52.794122,-1.78851,2026-05-26 19:00:13.801773056,4,12382,219,26
28.589946,112.896166,2026-05-26 19:00:25.96188416,4,10547,198,21
28.190361,114.934762,2026-05-26 19:00:39.372692480,4,7209,257,27
28.14293,115.059675,2026-05-26 19:00:39.651445248,4,7668,262,32
46.200083,10.535495,2026-05-26 19:00:44.737953792,4,6216,151,34
27.869125,113.565635,2026-05-26 19:01:09.294935808,4,8593,262,28
28.053913,120.092689,2026-05-26 19:01:21.717465088,4,5925,233,27
28.200997,115.187753,2026-05-26 19:01:26.952951040,4,5740,262,32
52.48085,-0.486416,2026-05-26 19:01:33.755457024,4,7413,211,41
52.475844,-0.468884,2026-05-26 19:01:33.755462912,4,7907,212,26
27.949561,120.190439,2026-05-26 19:01:44.946563584,4,13686,227,20
28.518082,112.992163,2026-05-26 19:01:48.825615872,4,10830,197,37
52.753638,-1.817217,2026-05-26 19:01:56.606069760,4,7125,219,45
52.748603,-1.832419,2026-05-26 19:01:56.606075648,4,9938,219,36
21.584872,-89.150243,2026-05-26 19:00:05.805764864,7,8701,215,11
27.615156,-90.641259,2026-05-26 19:00:06.749204480,7,12474,196,27
24.611883,-85.518562,2026-05-26 19:00:07.99864576,7,4872,191,14
23.119524,-84.411805,2026-05-26 19:00:07.522415360,7,7344,247,22
25.443118,-85.717256,2026-05-26 19:00:08.159565056,7,10313,232,30
25.655852,-85.550671,2026-05-26 19:00:08.159662080,7,8759,237,16
25.928463,-85.450698,2026-05-26 19:00:08.508775936,7,3988,263,30
25.620772,-85.617495,2026-05-26 19:00:08.508645632,7,10942,194,21
21.612133,-87.703095,2026-05-26 19:00:09.627998720,7,5270,267,36
21.919596,-87.637055,2026-05-26 19:00:09.628111360,7,12735,252,29
21.322165,-87.472439,2026-05-26 19:00:12.234681856,7,11460,225,16
21.382055,-87.450873,2026-05-26 19:00:12.441563648,7,4361,266,11
21.399444,-87.44784,2026-05-26 19:00:12.675932416,7,3373,263,27
23.065079,-88.790165,2026-05-26 19:00:23.779520256,7,2783,252,29
22.070671,-85.693192,2026-05-26 19:00:23.850325760,7,6156,259,17
27.6346,-91.12887,2026-05-26 19:00:33.891818240,7,5720,202,16
27.631602,-91.110235,2026-05-26 19:00:33.943577600,7,6635,258,14
27.6293,-91.123553,2026-05-26 19:00:34.3124480,7,10822,258,13
26.061934,-94.320088,2026-05-26 19:00:42.186954496,7,6957,126,19
23.42584,-88.608461,2026-05-26 19:00:42.558157312,7,11595,197,13
21.498522,-88.244068,2026-05-26 19:00:52.168601088,7,5117,218,31
28.920603,-99.720261,2026-05-26 19:00:53.338480640,7,6136,213,16
22.742183,-86.078318,2026-05-26 19:00:54.848800256,7,2060,253,27
19.621333,-88.390465,2026-05-26 19:00:56.473996032,7,7459,236,12
19.601758,-88.393871,2026-05-26 19:00:56.657179648,7,9209,220,11
25.048052,-85.73103,2026-05-26 19:00:59.928198912,7,7502,227,24
24.886418,-85.754045,2026-05-26 19:00:59.928138752,7,2341,265,23
24.541852,-85.57004,2026-05-26 19:01:00.479907584,7,3475,200,35
24.504198,-85.607007,2026-05-26 19:01:00.533688832,7,8145,267,17
24.43168,-85.596287,2026-05-26 19:01:00.546846720,7,4650,267,25
24.610993,-85.606207,2026-05-26 19:01:00.707973120,7,2782,201,24
21.282884,-87.42016,2026-05-26 19:01:02.599172096,7,9477,228,11
21.315333,-87.41423,2026-05-26 19:01:02.642889216,7,5065,267,10
21.616251,-89.17846,2026-05-26 19:01:02.914721280,7,2565,219,16
21.66479,-89.133342,2026-05-26 19:01:03.86594560,7,4368,263,13
27.740144,-90.607716,2026-05-26 19:01:08.461143040,7,14106,125,13
27.666204,-90.612431,2026-05-26 19:01:08.461156864,7,7231,182,11
27.625786,-90.643897,2026-05-26 19:01:08.578716928,7,4901,195,18
27.660767,-90.607287,2026-05-26 19:01:08.578743296,7,10075,182,9
29.128122,-100.082665,2026-05-26 19:01:12.11226880,7,8611,213,22
27.650709,-91.137426,2026-05-26 19:01:15.469563904,7,2032,180,34
27.76011,-91.053948,2026-05-26 19:01:15.469612288,7,2591,256,27
27.595433,-91.11966,2026-05-26 19:01:15.497726976,7,6333,199,13
27.708388,-91.080461,2026-05-26 19:01:15.576339712,7,10112,143,16
18.785839,-89.385851,2026-05-26 19:01:18.840610048,7,4785,241,10
19.750049,-89.541038,2026-05-26 19:01:19.25211904,7,6944,217,19
24.499641,-85.498564,2026-05-26 19:01:21.347213568,7,9342,229,34
24.408321,-85.461906,2026-05-26 19:01:21.410503936,7,12467,230,10
24.452756,-85.435181,2026-05-26 19:01:21.456662016,7,5413,229,11
24.439004,-85.439802,2026-05-26 19:01:21.613067520,7,7037,230,15
22.872571,-84.67599,2026-05-26 19:01:23.294405632,7,5996,253,12
21.345745,-87.468562,2026-05-26 19:01:25.68891904,7,4069,262,11
21.365122,-87.473425,2026-05-26 19:01:25.199170304,7,5547,266,22
21.369476,-87.658952,2026-05-26 19:01:27.869208064,7,4228,266,13
22.752521,-86.11225,2026-05-26 19:01:28.540176128,7,4457,254,21
25.41314,-85.71019,2026-05-26 19:01:32.192848384,7,9192,226,17
21.56292,-89.006528,2026-05-26 19:01:32.587324416,7,10493,241,15
22.839729,-84.641489,2026-05-26 19:01:41.455379968,7,5829,255,27
26.492559,-93.70213,2026-05-26 19:01:47.300440064,7,7644,231,11
26.505549,-93.711737,2026-05-26 19:01:47.597696000,7,9717,230,12
21.299241,-87.449803,2026-05-26 19:01:47.842618112,7,10380,227,15
21.286679,-87.438078,2026-05-26 19:01:48.286664960,7,8216,224,12
23.410069,-88.609936,2026-05-26 19:01:49.461385216,7,7044,197,11
26.345802,-94.439428,2026-05-26 19:01:53.458216448,7,5806,235,27
26.355325,-94.451731,2026-05-26 19:01:53.495723520,7,10092,245,11
26.342933,-94.447885,2026-05-26 19:01:53.734890752,7,9773,235,25
22.219172,-85.587052,2026-05-26 19:01:53.796944384,7,7726,253,26
26.119086,-94.455302,2026-05-26 19:01:55.874776064,7,11847,151,14
26.28934,-94.360805,2026-05-26 19:01:55.874870016,7,11377,264,17
24.465513,-85.476395,2026-05-26 19:01:56.291758592,7,5999,231,18
24.689638,-85.645358,2026-05-26 19:01:56.439200512,7,14013,230,14
28.143247,115.058753,2026-05-26 19:00:39.372724992,9,3552,257,28
27.937578,115.333673,2026-05-26 19:00:39.391616000,9,5346,266,21
27.92453,115.306765,2026-05-26 19:00:39.435650304,9,14647,267,16
28.171353,114.976977,2026-05-26 19:00:39.713965056,9,3709,263,30
31.156564,119.019043,2026-05-26 19:00:45.214525184,9,4608,253,26
28.362356,109.515321,2026-05-26 19:01:05.770724608,9,8731,269,23
27.786411,113.840062,2026-05-26 19:01:09.569145088,9,8453,269,26
27.82268,113.634214,2026-05-26 19:01:09.670465024,9,14346,255,14
27.905602,120.156417,2026-05-26 19:01:21.230215936,9,7039,240,18
28.075351,120.044626,2026-05-26 19:01:21.717456128,9,6997,233,27
28.087025,115.581229,2026-05-26 19:01:26.766388224,9,4030,247,16
0.646956,119.025463,2026-05-26 19:01:28.85106432,9,3936,193,28
28.198971,109.816135,2026-05-26 19:01:35.123530496,9,8928,270,21
27.981992,120.097808,2026-05-26 19:01:44.946542848,9,9354,228,20
52.750157,-1.8542,2026-05-26 19:01:56.606071552,9,12328,220,16
33.960362,-83.299342,2026-05-26 19:35:00.298149632,3,7895,226,18
30.598232,-99.332624,2026-05-26 21:00:00.779692544,1,13670,103,36
30.944985,-100.071372,2026-05-26 21:00:11.558967552,1,13589,183,27
43.796701,-111.446931,2026-05-26 21:00:17.651676928,1,12777,139,28
32.524851,-93.272592,2026-05-26 21:00:18.946074368,1,9164,122,39
32.494261,-93.309407,2026-05-26 21:00:18.946106880,1,14097,136,29
53.35763,0.619747,2026-05-26 21:00:19.321871104,1,13543,226,17
35.238326,-81.893484,2026-05-26 21:00:20.200653824,1,7906,100,26
35.229717,-81.893136,2026-05-26 21:00:20.768657664,1,6166,140,27
33.950446,-85.500322,2026-05-26 21:00:27.954955008,1,9920,222,31
22.068051,3.323456,2026-05-26 21:00:30.852237824,1,7780,156,110
51.76157,-116.064607,2026-05-26 21:00:46.814128896,1,10509,228,32
45.563701,-91.352572,2026-05-26 21:00:47.787139584,1,11138,118,21
50.75035,-72.451043,2026-05-26 21:00:49.933319680,1,12195,218,27
33.098313,-105.095019,2026-05-26 21:00:51.33776384,1,12961,203,28
53.033832,0.553451,2026-05-26 21:00:52.144252672,1,14337,222,25
53.007054,0.508815,2026-05-26 21:00:52.164680704,1,4506,129,20
53.361103,0.620605,2026-05-26 21:00:52.502502656,1,3418,207,62
53.349576,0.608669,2026-05-26 21:00:52.502508288,1,6288,149,43
53.358306,0.617937,2026-05-26 21:00:52.514508032,1,2958,229,76
53.358374,0.607888,2026-05-26 21:00:52.514512384,1,5500,202,71
53.364564,0.66711,2026-05-26 21:00:52.515290368,1,4803,233,68
53.361084,0.642829,2026-05-26 21:00:52.515298816,1,4260,208,73
53.35092,0.597031,2026-05-26 21:00:52.515302656,1,3280,146,64
53.337275,0.615937,2026-05-26 21:00:52.515310848,1,3879,239,55
53.355766,0.62766,2026-05-26 21:00:52.515308288,1,9133,225,43
-38.602284,149.519409,2026-05-26 21:00:38.184406784,2,14550,178,20
33.143491,-105.146298,2026-05-26 21:00:07.259730432,3,10265,216,45
33.266493,-104.978214,2026-05-26 21:00:07.259806976,3,14174,239,34
33.241779,-85.230976,2026-05-26 21:00:08.101263616,3,5793,166,50
33.254002,-85.242174,2026-05-26 21:00:08.101304064,3,9740,110,33
33.31007,-85.230539,2026-05-26 21:00:08.101330688,3,6704,234,18
33.243102,-85.225274,2026-05-26 21:00:08.146733056,3,13877,162,37
33.281199,-85.234066,2026-05-26 21:00:08.146794752,3,9419,223,21
44.91297,-111.022706,2026-05-26 21:00:08.382621440,3,11573,69,24
47.16539,-96.815914,2026-05-26 21:00:08.713444864,3,11674,130,28
34.476859,-82.350326,2026-05-26 21:00:08.750442752,3,7366,225,41
34.450983,-82.334405,2026-05-26 21:00:08.750481152,3,11795,140,25
47.224848,-72.08367,2026-05-26 21:00:09.464363264,3,7582,106,27
29.184171,-101.289102,2026-05-26 21:00:10.115453184,3,7237,229,31
34.588538,-106.892326,2026-05-26 21:00:10.470472448,3,10885,149,24
30.935141,-100.079036,2026-05-26 21:00:11.103861248,3,4908,213,30
30.914344,-100.026837,2026-05-26 21:00:11.138397440,3,9999,187,19
30.923917,-100.047434,2026-05-26 21:00:11.263122688,3,8867,223,23
30.97728,-100.080729,2026-05-26 21:00:11.327972864,3,8018,212,25
23.270471,-88.817332,2026-05-26 21:00:11.501574400,3,4401,265,29
30.842298,-100.014309,2026-05-26 21:00:11.558938368,3,8047,96,66
30.99823,-100.070049,2026-05-26 21:00:11.558984448,3,9406,219,56
30.992951,-100.064363,2026-05-26 21:00:11.558985728,3,11289,231,40
22.980382,-88.856597,2026-05-26 21:00:12.124526848,3,5122,206,25
21.983169,-85.91396,2026-05-26 21:00:12.335027200,3,8307,223,66
50.669764,-72.707846,2026-05-26 21:00:12.722116096,3,11850,144,27
48.40477,-73.28801,2026-05-26 21:00:13.99463168,3,9514,119,24
33.604138,-100.893614,2026-05-26 21:00:13.405700352,3,8735,101,59
33.626877,-100.891035,2026-05-26 21:00:13.405744896,3,5064,199,46
33.629428,-100.887086,2026-05-26 21:00:13.473053184,3,7925,184,41
33.616678,-100.890819,2026-05-26 21:00:13.473054976,3,11358,199,27
33.609632,-100.878265,2026-05-26 21:00:13.643061248,3,9209,187,40
33.623011,-100.881261,2026-05-26 21:00:13.643071488,3,6557,199,29
39.317439,-112.030215,2026-05-26 21:00:17.116588032,3,14937,127,15
39.387323,-112.117434,2026-05-26 21:00:17.116631040,3,11748,189,34
35.656944,-99.14088,2026-05-26 21:00:17.460834048,3,10621,166,54
35.620272,-99.106087,2026-05-26 21:00:17.460846592,3,14849,183,41
43.804174,-111.395414,2026-05-26 21:00:17.651643904,3,3716,145,49
43.804807,-111.340201,2026-05-26 21:00:17.651650816,3,11654,120,69
43.775724,-111.439826,2026-05-26 21:00:17.651675904,3,10657,121,54
32.584833,-93.27042,2026-05-26 21:00:18.939908864,3,6930,269,30
32.485617,-93.244382,2026-05-26 21:00:18.946078976,3,2452,166,92
32.538766,-93.258216,2026-05-26 21:00:18.946086656,3,3956,261,96
32.591264,-93.262839,2026-05-26 21:00:18.946100480,3,9757,174,84
32.574926,-93.262198,2026-05-26 21:00:18.946108672,3,6650,185,69
32.460206,-93.347674,2026-05-26 21:00:18.978205952,3,8687,137,25
31.408046,-92.318547,2026-05-26 21:00:19.578356480,3,6835,249,49
31.40882,-92.335004,2026-05-26 21:00:19.578390016,3,4596,251,37
23.237737,-88.621435,2026-05-26 21:00:20.154087936,3,2801,231,24
35.258885,-81.894583,2026-05-26 21:00:20.200661504,3,2959,195,72
35.284937,-81.898503,2026-05-26 21:00:20.200668416,3,2570,127,58
35.179165,-81.879799,2026-05-26 21:00:20.200674816,3,11521,136,44
35.252683,-81.884539,2026-05-26 21:00:20.200699136,3,2961,153,31
35.228826,-81.898117,2026-05-26 21:00:20.218043904,3,3729,110,21
33.954102,-81.809478,2026-05-26 21:00:20.346727680,3,2437,211,38
33.935965,-81.824419,2026-05-26 21:00:20.346724352,3,4572,152,39
33.988523,-81.794835,2026-05-26 21:00:20.346771456,3,6876,163,22
16.812525,-94.601906,2026-05-26 21:00:20.411418880,3,8538,269,24
33.977407,-81.817838,2026-05-26 21:00:20.420041728,3,4768,261,35
33.991761,-81.803179,2026-05-26 21:00:20.420076032,3,9166,141,22
34.292731,-82.944389,2026-05-26 21:00:20.591318272,3,3643,167,48
34.250055,-83.030279,2026-05-26 21:00:20.591319296,3,14220,184,37
30.780967,-99.161636,2026-05-26 21:00:27.850348800,3,10666,186,21
33.960544,-85.475729,2026-05-26 21:00:27.954961408,3,2402,211,82
34.042308,-85.397574,2026-05-26 21:00:27.955001600,3,9794,103,73
34.050879,-85.419322,2026-05-26 21:00:27.955002368,3,8485,199,56
34.08233,-85.412652,2026-05-26 21:00:27.955046912,3,5373,245,43
34.004457,-85.397338,2026-05-26 21:00:27.955027712,3,11172,192,30
21.53263,-78.490172,2026-05-26 21:00:28.18576640,3,9637,257,44
21.479558,-78.453819,2026-05-26 21:00:28.18559744,3,7572,259,32
33.966383,-85.418746,2026-05-26 21:00:28.304347136,3,10156,212,19
38.353522,-101.772965,2026-05-26 21:00:28.981229312,3,11050,134,32
32.756465,-92.644189,2026-05-26 21:00:29.791471872,3,13468,128,26
33.130024,-85.164868,2026-05-26 21:00:30.47406592,3,7410,257,26
30.702743,-99.267824,2026-05-26 21:00:30.178588928,3,10626,180,31
32.727154,-92.640136,2026-05-26 21:00:30.274303232,3,9552,128,32
32.812853,-92.596709,2026-05-26 21:00:30.274342400,3,13306,227,20
34.930826,-92.453265,2026-05-26 21:00:31.846707200,3,12345,114,23
35.016296,-92.442637,2026-05-26 21:00:31.846774784,3,3568,230,32
34.926174,-92.441527,2026-05-26 21:00:32.33015552,3,7153,114,25
34.992032,-92.44285,2026-05-26 21:00:32.33071104,3,7951,221,35
31.25005,-82.187669,2026-05-26 21:00:32.78894592,3,2602,250,20
34.919987,-92.511696,2026-05-26 21:00:32.122898944,3,12645,149,25
30.327242,-99.647589,2026-05-26 21:00:33.267310848,3,10433,218,18
30.488854,-99.65624,2026-05-26 21:00:33.267369984,3,9030,223,19
33.014316,-95.041317,2026-05-26 21:00:33.512045824,3,7093,229,25
32.907978,-95.09297,2026-05-26 21:00:33.645449984,3,7399,141,55
32.917642,-95.083878,2026-05-26 21:00:33.645496320,3,14128,106,44
32.908962,-95.108455,2026-05-26 21:00:33.645477888,3,11983,225,33
34.485729,-82.342784,2026-05-26 21:00:33.983912960,3,6621,186,28
34.765191,-79.34128,2026-05-26 21:00:35.881021440,3,5433,225,18
30.404139,-100.738159,2026-05-26 21:00:36.518918400,3,11141,227,20
33.255417,-84.422569,2026-05-26 21:00:37.584383488,3,8777,263,17
31.358045,-99.744151,2026-05-26 21:00:37.694905856,3,5746,209,41
31.359618,-99.742108,2026-05-26 21:00:37.694903808,3,9430,217,31
35.99739,-90.02464,2026-05-26 21:00:38.395741696,3,13782,120,47
35.983965,-89.995576,2026-05-26 21:00:38.397490176,3,11414,199,52
33.103134,-95.030204,2026-05-26 21:00:38.999638272,3,12419,215,20
31.807424,-99.690432,2026-05-26 21:00:41.77244928,3,8973,214,27
20.816054,-88.123686,2026-05-26 21:00:41.514910464,3,11914,226,15
35.189933,-81.86313,2026-05-26 21:00:41.641811200,3,8566,138,18
35.192343,-81.938066,2026-05-26 21:00:42.14136576,3,10976,255,35
35.375186,-81.879385,2026-05-26 21:00:42.14210304,3,7616,255,25
32.646379,-104.862788,2026-05-26 21:00:49.217354240,3,12021,185,26
50.840761,-72.584601,2026-05-26 21:00:49.933272320,3,12161,148,37
50.802249,-72.553883,2026-05-26 21:00:49.933294592,3,7327,177,51
50.704086,-72.706147,2026-05-26 21:00:49.933370112,3,5936,269,22
28.885662,-99.110941,2026-05-26 21:00:50.480831488,3,8464,196,40
28.967265,-99.107466,2026-05-26 21:00:50.480853760,3,4215,243,25
32.968262,-105.110199,2026-05-26 21:00:51.33710848,3,13515,101,41
32.93992,-105.078159,2026-05-26 21:00:51.33741312,3,14845,132,71
33.009724,-105.130905,2026-05-26 21:00:51.33756928,3,12239,226,57
33.070775,-105.108467,2026-05-26 21:00:51.33785344,3,11778,215,40
28.67471,-82.582292,2026-05-26 21:00:51.946743040,3,4486,171,30
28.761764,-82.584316,2026-05-26 21:00:51.946806272,3,6595,244,15
23.608627,-86.763475,2026-05-26 21:00:52.104596736,3,7216,247,16
32.785905,-94.379222,2026-05-26 21:00:52.480843520,3,14181,216,55
32.744864,-94.432279,2026-05-26 21:00:52.480864256,3,10443,99,41
36.450101,-79.452202,2026-05-26 21:00:52.716384256,3,3135,140,33
21.098749,-87.446057,2026-05-26 21:00:52.974560768,3,6291,230,14
33.113836,-95.291587,2026-05-26 21:00:53.435572224,3,10308,206,28
21.971585,-86.544075,2026-05-26 21:00:54.566169600,3,8668,264,21
21.968379,-86.50768,2026-05-26 21:00:54.732935680,3,5497,260,15
20.990029,-88.693113,2026-05-26 21:00:54.765603584,3,4020,226,23
33.407897,-96.693214,2026-05-26 21:00:55.519574016,3,9632,175,21
31.175605,-100.372246,2026-05-26 21:00:55.743941120,3,5763,210,24
35.311275,-81.915333,2026-05-26 21:00:55.983391488,3,5126,132,15
31.221157,-100.225034,2026-05-26 21:00:56.59826944,3,13188,185,30
35.350011,-81.923546,2026-05-26 21:00:56.127385856,3,9112,131,18
34.42783,-79.524536,2026-05-26 21:00:56.129068288,3,3600,216,23
34.406736,-79.566108,2026-05-26 21:00:56.263238144,3,6257,146,28
34.417754,-79.524206,2026-05-26 21:00:56.457034240,3,3733,166,46
4.316087,-86.348778,2026-05-26 21:00:01.7017472,7,10340,192,19
22.001751,-85.940517,2026-05-26 21:00:12.335064064,7,6934,202,16
24.757133,-90.244177,2026-05-26 21:00:22.179345920,7,11081,178,17
25.126811,-90.153924,2026-05-26 21:00:22.179467776,7,13841,240,14
21.497031,-78.470553,2026-05-26 21:00:28.18567936,7,6038,230,18
26.63771,8.107843,2026-05-26 21:00:30.952619008,7,6648,255,26
23.45022,-82.769991,2026-05-26 21:00:39.58429184,7,8054,212,16
20.955061,-88.216876,2026-05-26 21:00:41.514961920,7,10208,246,12
16.654103,-94.644851,2026-05-26 21:00:41.793141504,7,8853,245,13
24.107533,-85.558094,2026-05-26 21:00:42.162352896,7,10089,204,18
23.999595,-85.453397,2026-05-26 21:00:42.402792448,7,12640,200,11
21.996643,-85.921199,2026-05-26 21:00:45.730271744,7,10886,217,13
21.970428,-85.915933,2026-05-26 21:00:45.923172608,7,3245,228,27
28.826955,-99.246594,2026-05-26 21:00:50.480798208,7,13933,190,11
28.619544,-82.5804,2026-05-26 21:00:51.946762752,7,6440,165,14
21.929697,-86.560868,2026-05-26 21:00:54.610110208,7,9679,220,12
8.159181,107.301463,2026-05-26 21:00:47.289022464,9,12200,227,21
27.339113,118.391352,2026-05-26 21:00:58.854346752,9,6718,270,22
22.667527,-89.310503,2026-05-26 21:15:09.343313152,1,9280,188,40
53.33181,0.878363,2026-05-26 21:15:09.415729408,1,6848,173,19
35.28454,-81.860734,2026-05-26 21:15:10.130082048,1,9612,118,31
35.265175,-81.83356,2026-05-26 21:15:10.372955904,1,12616,125,22
30.851408,-99.157241,2026-05-26 21:15:18.442037760,1,8673,205,24
53.332095,0.684906,2026-05-26 21:15:19.167420416,1,3204,190,18
53.32298,0.69052,2026-05-26 21:15:19.440339456,1,8699,205,97
53.247725,0.678808,2026-05-26 21:15:19.440373504,1,3166,200,79
53.437522,0.621231,2026-05-26 21:15:19.440334080,1,5838,242,66
53.332736,0.649056,2026-05-26 21:15:19.440358912,1,9770,102,53
53.365036,0.298893,2026-05-26 21:15:19.440362752,1,14309,213,26
53.338599,0.707233,2026-05-26 21:15:19.452730880,1,9442,228,63
53.32846,0.590835,2026-05-26 21:15:19.452755200,1,8887,141,50
53.4,0.558148,2026-05-26 21:15:19.452740352,1,3331,244,36
6.506847,-9.281447,2026-05-26 21:15:26.771495680,1,13964,261,38
29.53006,-100.835295,2026-05-26 21:15:27.121300736,1,14072,259,21
28.932117,-99.197113,2026-05-26 21:15:40.893295616,1,14038,111,35
34.02256,-81.811133,2026-05-26 21:15:42.248737536,1,10432,111,24
34.036442,-81.784061,2026-05-26 21:15:42.335461888,1,13113,111,18
53.336669,0.928987,2026-05-26 21:15:42.952323072,1,13949,146,24
-35.16379,140.406386,2026-05-26 21:15:24.785201152,2,10089,143,19
28.996122,128.432439,2026-05-26 21:15:31.269905920,2,11601,173,20
-38.505377,150.16798,2026-05-26 21:15:45.737671936,2,14972,194,22
-38.489307,150.115517,2026-05-26 21:15:45.742109440,2,13375,193,18
-38.545928,150.110179,2026-05-26 21:15:46.74592768,2,9421,193,27
47.606497,-113.665807,2026-05-26 21:15:01.695720704,3,12360,109,28
47.63748,-113.645205,2026-05-26 21:15:01.818483968,3,14716,67,29
19.063778,-72.07193,2026-05-26 21:15:01.901174272,3,4705,187,29
22.05166,-85.898144,2026-05-26 21:15:02.119404032,3,7234,260,34
32.199119,-94.439418,2026-05-26 21:15:02.278080256,3,10034,103,17
46.974448,-72.122811,2026-05-26 21:15:04.453907456,3,10475,71,20
35.510505,-99.118623,2026-05-26 21:15:05.309934848,3,4199,184,26
33.87838,-100.845342,2026-05-26 21:15:05.452776192,3,13744,244,30
33.739295,-100.913934,2026-05-26 21:15:05.549467136,3,6513,198,35
33.722154,-100.907157,2026-05-26 21:15:05.549468416,3,9057,199,22
35.013728,-79.095422,2026-05-26 21:15:07.668012800,3,11323,144,21
28.991709,-99.110834,2026-05-26 21:15:07.934871296,3,6402,239,24
30.265303,-99.312533,2026-05-26 21:15:08.84248064,3,14535,222,28
30.435286,-99.350726,2026-05-26 21:15:09.224673024,3,14160,183,37
30.465764,-99.320038,2026-05-26 21:15:09.317370368,3,9701,217,26
22.690619,-89.32435,2026-05-26 21:15:09.343315200,3,2658,211,70
22.728326,-89.310296,2026-05-26 21:15:09.523778048,3,3838,257,21
23.043038,-88.799011,2026-05-26 21:15:09.945244160,3,1988,254,21
35.275685,-81.768771,2026-05-26 21:15:10.37028608,3,3795,195,35
35.200879,-81.743211,2026-05-26 21:15:10.37045504,3,14480,129,23
35.280947,-81.763737,2026-05-26 21:15:10.130056448,3,6041,194,56
35.422754,-81.653214,2026-05-26 21:15:10.130159104,3,6432,266,33
35.288921,-81.733966,2026-05-26 21:15:10.130097408,3,13052,204,19
35.259857,-81.764239,2026-05-26 21:15:10.169714432,3,4686,122,33
35.280477,-81.770072,2026-05-26 21:15:10.227283712,3,2710,221,39
35.339865,-81.754295,2026-05-26 21:15:10.227336960,3,5677,250,25
35.285966,-81.762681,2026-05-26 21:15:10.372940288,3,3521,194,55
35.209922,-81.844933,2026-05-26 21:15:10.372940288,3,9715,148,33
35.299119,-81.755454,2026-05-26 21:15:10.372985856,3,5375,250,20
35.259919,-81.765857,2026-05-26 21:15:10.557118208,3,5684,141,19
33.129179,-95.146635,2026-05-26 21:15:12.701544448,3,9486,206,20
31.864675,-94.722547,2026-05-26 21:15:13.21802496,3,12258,169,40
32.144747,-94.582592,2026-05-26 21:15:13.21903872,3,2353,248,27
32.964653,-92.327193,2026-05-26 21:15:14.444213504,3,14314,231,29
29.085591,-99.137481,2026-05-26 21:15:15.595152896,3,10215,229,23
16.616612,-94.689108,2026-05-26 21:15:16.275725312,3,11654,246,17
31.043696,-99.464474,2026-05-26 21:15:17.225286400,3,10650,217,25
31.183641,-99.417019,2026-05-26 21:15:17.225976064,3,14632,269,25
15.107079,-92.372177,2026-05-26 21:15:17.413204224,3,7175,257,33
30.908535,-99.180614,2026-05-26 21:15:18.263379712,3,8159,218,24
33.983054,-84.198225,2026-05-26 21:15:18.286754816,3,7710,204,40
30.878962,-99.181979,2026-05-26 21:15:18.442032640,3,9358,213,59
30.76423,-99.148479,2026-05-26 21:15:18.513643520,3,7430,202,34
30.89716,-99.184313,2026-05-26 21:15:18.513685504,3,4914,218,22
30.905651,-99.182479,2026-05-26 21:15:18.604506112,3,5548,218,28
40.673947,-110.664618,2026-05-26 21:15:19.691061248,3,6637,130,33
40.779832,-110.73872,2026-05-26 21:15:19.691108096,3,13455,209,18
40.670029,-110.676389,2026-05-26 21:15:19.728920320,3,8562,73,47
32.190544,-94.436698,2026-05-26 21:15:19.835665408,3,6308,141,30
32.328543,-94.343542,2026-05-26 21:15:19.835725824,3,9957,194,47
32.256539,-94.423027,2026-05-26 21:15:19.835725056,3,4775,242,33
32.158397,-94.482693,2026-05-26 21:15:19.971219968,3,8464,130,29
29.305586,-100.825347,2026-05-26 21:15:27.121206272,3,13617,123,55
29.460639,-100.873112,2026-05-26 21:15:27.121261568,3,5973,230,40
29.481619,-100.878251,2026-05-26 21:15:27.121271040,3,13524,243,25
34.248098,-79.546997,2026-05-26 21:15:27.360721408,3,10973,165,13
34.240366,-79.552132,2026-05-26 21:15:27.363325696,3,14885,176,16
29.191712,-101.445518,2026-05-26 21:15:27.893149184,3,11816,180,22
45.051253,-88.193004,2026-05-26 21:15:29.612718336,3,7507,167,39
45.008523,-88.326826,2026-05-26 21:15:29.612754944,3,7304,147,36
45.024078,-88.332966,2026-05-26 21:15:29.612756992,3,6112,233,22
35.545877,-80.914051,2026-05-26 21:15:30.967063040,3,10967,257,25
35.636102,-80.867096,2026-05-26 21:15:30.967108608,3,9847,190,30
30.954458,-99.182184,2026-05-26 21:15:32.217764608,3,6542,251,34
30.930841,-99.173964,2026-05-26 21:15:32.217761536,3,6542,218,21
48.417482,-72.999423,2026-05-26 21:15:32.372483840,3,13510,80,70
48.403968,-72.971163,2026-05-26 21:15:32.372498432,3,7463,180,55
48.371823,-72.993699,2026-05-26 21:15:32.372549376,3,6482,263,29
48.377557,-72.978315,2026-05-26 21:15:32.372542720,3,13560,228,16
48.460373,-72.966239,2026-05-26 21:15:32.393273600,3,7507,127,34
48.368075,-72.9523,2026-05-26 21:15:32.393308928,3,12602,174,20
48.418833,-72.982924,2026-05-26 21:15:32.412758272,3,12338,80,44
48.468213,-72.942467,2026-05-26 21:15:32.424006912,3,7549,120,25
28.888124,-99.118651,2026-05-26 21:15:40.365106176,3,14340,196,35
28.978933,-99.132146,2026-05-26 21:15:40.365128704,3,11547,237,16
34.545343,-79.514891,2026-05-26 21:15:40.788788736,3,13311,144,46
34.516693,-79.52603,2026-05-26 21:15:40.788865536,3,9360,235,29
28.953278,-99.110642,2026-05-26 21:15:40.893272832,3,14880,111,92
28.988884,-99.131035,2026-05-26 21:15:40.893330176,3,13003,207,81
28.943203,-99.178878,2026-05-26 21:15:40.893302784,3,5320,261,65
29.092437,-99.113998,2026-05-26 21:15:40.893363200,3,4960,245,49
28.908034,-99.097075,2026-05-26 21:15:41.385162240,3,10408,196,36
28.903388,-99.097502,2026-05-26 21:15:41.385152768,3,14617,198,24
33.991026,-81.797577,2026-05-26 21:15:42.248722944,3,2572,251,66
34.021521,-81.796777,2026-05-26 21:15:42.248735744,3,9213,152,52
34.075053,-81.797302,2026-05-26 21:15:42.248791552,3,9177,213,28
34.05826,-81.753965,2026-05-26 21:15:42.289173248,3,6559,235,24
34.048334,-81.777413,2026-05-26 21:15:42.335460096,3,3005,111,42
34.050018,-81.788841,2026-05-26 21:15:42.335464960,3,6530,156,31
34.108019,-81.763581,2026-05-26 21:15:42.335515136,3,10193,189,18
22.73633,-89.215558,2026-05-26 21:15:42.675439616,3,7270,256,63
20.797574,-88.561783,2026-05-26 21:15:43.126871552,3,3937,207,66
34.551322,-82.290393,2026-05-26 21:15:51.151065344,3,12407,122,62
34.591655,-82.288637,2026-05-26 21:15:51.151086848,3,11222,251,77
34.629193,-82.283647,2026-05-26 21:15:51.151095808,3,13359,206,57
34.624429,-82.295039,2026-05-26 21:15:51.151111680,3,13921,191,40
34.565078,-82.303116,2026-05-26 21:15:51.179844864,3,5804,208,66
34.670724,-82.212906,2026-05-26 21:15:51.179891968,3,10154,250,55
34.568053,-82.284098,2026-05-26 21:15:51.179887616,3,5885,203,42
34.572961,-82.279118,2026-05-26 21:15:51.179885568,3,7310,188,29
34.558236,-82.305665,2026-05-26 21:15:51.226956032,3,10169,155,17
34.569742,-82.442302,2026-05-26 21:15:51.230555648,3,13338,157,20
22.089735,-85.937024,2026-05-26 21:15:51.277247232,3,7697,221,69
22.136691,-85.949313,2026-05-26 21:15:51.277300224,3,3705,260,55
21.280988,-87.717707,2026-05-26 21:15:51.704647424,3,7155,227,17
29.138861,-101.179773,2026-05-26 21:15:52.134557952,3,8082,230,19
33.728822,-100.913473,2026-05-26 21:15:52.478886400,3,9009,199,28
34.427062,-79.481412,2026-05-26 21:15:53.255237376,3,3601,176,54
34.479402,-79.499019,2026-05-26 21:15:53.255257856,3,6825,148,40
34.447243,-79.519078,2026-05-26 21:15:53.255283456,3,5451,235,20
34.476015,-79.509506,2026-05-26 21:15:53.310961408,3,2680,253,43
34.392367,-79.577042,2026-05-26 21:15:53.310964224,3,8167,168,25
34.438304,-79.533121,2026-05-26 21:15:53.365629696,3,12841,85,32
22.98899,-87.411869,2026-05-26 21:15:53.400467456,3,6530,194,50
35.315562,-81.717327,2026-05-26 21:16:00.562683136,3,9942,127,35
35.27491,-81.752708,2026-05-26 21:16:00.562706176,3,8705,192,34
45.927794,-92.067686,2026-05-26 21:15:20.226382592,4,13714,181,21
29.047309,128.400517,2026-05-26 21:15:31.269910272,4,13923,172,26
29.072205,113.497815,2026-05-26 21:15:55.552886784,4,11181,194,24
19.05833,-72.092452,2026-05-26 21:15:01.901183488,7,12274,180,15
23.967686,-85.150172,2026-05-26 21:15:06.759754752,7,14476,239,12
23.977911,-85.149694,2026-05-26 21:15:06.835453696,7,13278,238,10
22.667038,-89.301788,2026-05-26 21:15:09.343307264,7,8687,184,33
22.735589,-89.32179,2026-05-26 21:15:09.343366400,7,6449,239,17
22.689388,-89.313684,2026-05-26 21:15:09.523770112,7,5960,253,11
21.163863,-87.107811,2026-05-26 21:15:14.545354240,7,11686,221,11
15.106506,-92.372496,2026-05-26 21:15:17.413204224,7,7173,257,14
20.149933,-90.907018,2026-05-26 21:15:21.41269760,7,10119,227,12
29.296955,-100.809355,2026-05-26 21:15:27.121210112,7,12957,127,17
22.461407,-89.27943,2026-05-26 21:15:42.675374592,7,4698,259,22
20.923249,-88.643467,2026-05-26 21:15:43.126923520,7,9490,266,24
24.233202,-85.587024,2026-05-26 21:15:45.480391680,7,6361,241,19
20.344475,-90.454261,2026-05-26 21:15:47.401189120,7,9461,205,11
23.977458,-85.399943,2026-05-26 21:15:49.588927744,7,14947,201,12
21.881029,-85.860684,2026-05-26 21:15:51.277211392,7,12447,224,13
8.341152,-10.942654,2026-05-26 21:15:18.39617280,5,10509,246,16
6.519742,-9.242125,2026-05-26 21:15:26.771509248,5,3293,261,18
45.900392,-92.024289,2026-05-26 21:15:20.226395904,9,10136,169,13
29.040049,128.383594,2026-05-26 21:15:31.269916416,9,5361,172,26
28.978377,128.453858,2026-05-26 21:15:31.281507840,9,9029,173,19
28.965404,113.774656,2026-05-26 21:15:55.552962816,9,9173,219,28
22.89491,-88.622602,2026-05-26 22:35:04.884357632,1,7591,265,27
30.731805,-99.460265,2026-05-26 22:35:05.654505216,1,10538,270,26
52.75199,1.758852,2026-05-26 22:35:06.633348096,1,10214,204,15
52.698871,1.725578,2026-05-26 22:35:07.24216576,1,11908,196,62
52.75619,1.827765,2026-05-26 22:35:07.24307200,1,12546,228,29
52.769789,1.790979,2026-05-26 22:35:07.36836608,1,5591,215,25
52.668007,1.754518,2026-05-26 22:35:07.36880128,1,11211,179,40
35.673751,-98.107457,2026-05-26 22:35:07.781957888,1,13443,116,30
33.996821,-99.696928,2026-05-26 22:35:09.110037248,1,12749,118,24
53.324317,0.917082,2026-05-26 22:35:09.516094720,1,8131,121,55
53.357467,0.884735,2026-05-26 22:35:09.516082432,1,10033,201,43
53.311882,0.914796,2026-05-26 22:35:09.516164608,1,7287,193,27
53.31568,0.916062,2026-05-26 22:35:09.516157184,1,7940,193,15
53.326593,0.94456,2026-05-26 22:35:09.800539392,1,4400,152,99
53.326837,0.941876,2026-05-26 22:35:09.800538880,1,2260,126,80
53.333775,0.955068,2026-05-26 22:35:09.800540416,1,4452,110,67
53.354633,0.604701,2026-05-26 22:35:09.800567552,1,14495,216,54
33.313642,-94.855748,2026-05-26 22:35:22.42552320,1,10621,106,31
28.893459,-98.943465,2026-05-26 22:35:22.705338880,1,6967,199,23
23.044317,-88.73131,2026-05-26 22:35:22.923529472,1,11575,187,40
23.079476,-88.79294,2026-05-26 22:35:22.970331648,1,10985,210,23
52.851814,1.771415,2026-05-26 22:35:24.355240960,1,11299,123,204
52.836942,1.755631,2026-05-26 22:35:24.355325440,1,11982,143,218
52.866731,1.744985,2026-05-26 22:35:24.355313408,1,8656,180,205
53.317361,1.024862,2026-05-26 22:35:40.40601088,1,13182,160,68
53.329133,0.977434,2026-05-26 22:35:40.40601344,1,3466,259,48
53.311784,1.003236,2026-05-26 22:35:40.40607744,1,7793,105,35
45.526685,-111.223222,2026-05-26 22:35:50.550500352,1,9537,126,22
30.834133,-98.977061,2026-05-26 22:35:50.576463360,1,11437,212,20
27.861106,114.718902,2026-05-26 22:35:26.130884096,2,13073,251,23
31.741747,-98.908776,2026-05-26 22:35:03.337399296,3,11559,175,45
31.764281,-98.893544,2026-05-26 22:35:03.337401344,3,14460,183,32
33.858956,-103.417612,2026-05-26 22:35:04.458609920,3,7108,197,34
33.845105,-103.411182,2026-05-26 22:35:04.458601984,3,10851,198,21
22.783302,-88.619293,2026-05-26 22:35:04.884281344,3,9235,204,75
22.972652,-88.625958,2026-05-26 22:35:04.884385792,3,6530,269,66
30.84894,-98.896145,2026-05-26 22:35:05.654646272,3,7976,140,57
30.979755,-98.924445,2026-05-26 22:35:05.654684416,3,13836,189,42
30.89404,-99.014121,2026-05-26 22:35:05.683060224,3,8697,242,20
30.507844,-90.449419,2026-05-26 22:35:05.979149312,3,7546,154,30
30.533915,-90.407648,2026-05-26 22:35:05.979166464,3,9527,122,22
33.154033,-94.588208,2026-05-26 22:35:05.990054656,3,11044,127,30
22.516299,-87.802435,2026-05-26 22:35:07.657208576,3,9982,252,21
35.676423,-98.069408,2026-05-26 22:35:07.781961216,3,8003,115,71
35.668771,-98.149083,2026-05-26 22:35:07.781953024,3,6452,258,56
35.688213,-98.028973,2026-05-26 22:35:07.781989632,3,4793,184,43
35.668708,-98.168238,2026-05-26 22:35:07.781994752,3,8391,153,31
34.020513,-99.682291,2026-05-26 22:35:09.109993984,3,4086,134,64
34.084007,-99.695712,2026-05-26 22:35:09.110011136,3,7446,181,59
34.121231,-99.669964,2026-05-26 22:35:09.110063104,3,8478,226,51
27.405536,-82.337755,2026-05-26 22:35:17.603041280,3,9825,210,26
31.353795,-99.796109,2026-05-26 22:35:17.653595136,3,6174,212,26
23.184765,-82.668776,2026-05-26 22:35:17.717376000,3,14712,214,34
32.662151,-83.596746,2026-05-26 22:35:18.133440256,3,8312,256,31
32.778423,-83.505349,2026-05-26 22:35:18.133480192,3,10134,205,18
24.527596,-85.162575,2026-05-26 22:35:19.284439296,3,5640,217,31
48.835084,-105.659732,2026-05-26 22:35:20.27890944,3,13141,183,46
48.656993,-105.682406,2026-05-26 22:35:20.27934720,3,9067,187,31
33.253454,-94.550217,2026-05-26 22:35:20.496453632,3,8644,213,33
33.268956,-94.557108,2026-05-26 22:35:20.496460288,3,13610,220,22
32.768786,-83.4404,2026-05-26 22:35:21.266336768,3,6847,234,22
32.749374,-83.454038,2026-05-26 22:35:21.353312512,3,4581,192,48
32.831012,-83.423558,2026-05-26 22:35:21.353371904,3,8599,225,33
32.767237,-83.439002,2026-05-26 22:35:21.516607232,3,4736,232,40
32.782375,-83.421599,2026-05-26 22:35:21.516652032,3,8452,217,27
33.406626,-81.606144,2026-05-26 22:35:21.610690560,3,7832,255,22
33.283842,-94.768618,2026-05-26 22:35:22.42523904,3,4493,127,89
33.38042,-94.776042,2026-05-26 22:35:22.42548736,3,8994,212,77
33.319057,-94.828302,2026-05-26 22:35:22.42555904,3,8411,105,61
33.306002,-94.825833,2026-05-26 22:35:22.42552064,3,6630,144,45
33.282928,-94.769992,2026-05-26 22:35:22.125227520,3,5061,116,32
33.347794,-94.775116,2026-05-26 22:35:22.125277440,3,11522,188,51
33.52815,-94.69719,2026-05-26 22:35:22.125341184,3,6949,242,38
28.959626,-98.927506,2026-05-26 22:35:22.705357824,3,4526,247,51
23.074188,-88.708241,2026-05-26 22:35:22.923541504,3,3954,251,109
45.492654,-90.739566,2026-05-26 22:35:30.164269568,3,13472,116,24
29.086484,-82.344499,2026-05-26 22:35:31.180716288,3,6838,180,16
29.178209,-82.344852,2026-05-26 22:35:31.180796672,3,7452,251,35
29.117082,-82.380326,2026-05-26 22:35:31.180770304,3,10907,178,21
31.424307,-98.920379,2026-05-26 22:35:32.257336320,3,14918,182,54
31.40621,-98.998885,2026-05-26 22:35:32.257315584,3,10408,245,43
31.457422,-98.924482,2026-05-26 22:35:32.276971264,3,14572,216,21
45.869687,-90.065642,2026-05-26 22:35:32.335799808,3,7128,143,57
45.721366,-90.098283,2026-05-26 22:35:32.335879936,3,4571,163,37
34.053187,-107.08056,2026-05-26 22:35:32.476401408,3,7540,206,26
24.494041,-84.908529,2026-05-26 22:35:32.715403008,3,3637,234,23
35.568424,-81.316157,2026-05-26 22:35:34.343380480,3,10088,76,34
35.415242,-78.372427,2026-05-26 22:35:35.20486144,3,7085,161,23
31.161524,-98.848105,2026-05-26 22:35:36.475610368,3,7505,211,35
31.137544,-98.873558,2026-05-26 22:35:36.568460544,3,10691,183,32
23.549457,-83.528471,2026-05-26 22:35:36.779296256,3,5395,240,23
48.458933,-71.094549,2026-05-26 22:35:36.959749120,3,9430,98,28
48.450374,-71.106306,2026-05-26 22:35:37.968192,3,10157,98,30
48.41887,-71.096688,2026-05-26 22:35:37.552390656,3,9991,136,22
34.072128,-82.480423,2026-05-26 22:35:37.735211776,3,13338,161,30
34.135887,-82.305266,2026-05-26 22:35:37.735260672,3,11014,206,19
31.149086,-98.737399,2026-05-26 22:35:37.786558976,3,11816,135,90
31.086796,-98.679443,2026-05-26 22:35:37.786578176,3,13317,114,79
45.442331,-90.972712,2026-05-26 22:35:45.296934656,3,9380,148,22
44.654115,-90.636959,2026-05-26 22:35:45.408464384,3,10541,74,18
33.30751,-94.794146,2026-05-26 22:35:46.886474240,3,10304,123,96
33.337411,-94.780413,2026-05-26 22:35:46.886494208,3,9489,220,73
33.32645,-94.819446,2026-05-26 22:35:46.886509056,3,9533,105,60
33.408324,-94.782413,2026-05-26 22:35:46.886544384,3,6307,229,48
33.420001,-94.782565,2026-05-26 22:35:46.886551808,3,10655,228,36
33.284806,-94.839296,2026-05-26 22:35:46.943764224,3,13275,120,49
33.384011,-94.794597,2026-05-26 22:35:46.943802624,3,8340,232,36
33.405183,-94.815322,2026-05-26 22:35:46.943815168,3,8491,240,23
33.320053,-94.813561,2026-05-26 22:35:46.989141248,3,5621,138,54
33.389466,-94.78847,2026-05-26 22:35:46.989200384,3,9591,234,41
33.406197,-94.793146,2026-05-26 22:35:46.989208576,3,5859,213,28
33.384731,-94.749731,2026-05-26 22:35:47.256462592,3,13475,223,26
34.473229,-82.288088,2026-05-26 22:35:47.304415232,3,5414,247,19
33.390178,-94.744742,2026-05-26 22:35:47.329899776,3,6530,212,22
33.333481,-94.755228,2026-05-26 22:35:47.419437568,3,14381,89,26
32.906903,-83.592471,2026-05-26 22:35:47.571178496,3,6931,263,24
29.166517,-100.664118,2026-05-26 22:35:48.915525632,3,14000,232,21
35.586573,-81.355317,2026-05-26 22:35:48.989612032,3,8581,137,21
35.592909,-81.357767,2026-05-26 22:35:49.271812096,3,9187,136,27
33.161734,-94.535014,2026-05-26 22:35:49.532416512,3,13125,212,26
45.655418,-111.265847,2026-05-26 22:35:50.478089728,3,11223,126,27
45.625519,-111.175028,2026-05-26 22:35:50.514464512,3,9167,62,20
45.606267,-111.172524,2026-05-26 22:35:50.550456576,3,8576,79,46
45.52545,-111.196722,2026-05-26 22:35:50.550494720,3,8208,139,40
30.848208,-98.963396,2026-05-26 22:35:50.576465152,3,5884,214,41
27.574618,-82.306827,2026-05-26 22:35:53.491211264,3,9882,254,34
27.522098,-82.282429,2026-05-26 22:35:53.491198976,3,4701,225,19
36.616856,-78.610142,2026-05-26 22:35:53.629539072,3,5412,146,16
35.895706,-98.154378,2026-05-26 22:35:53.721587968,3,13359,182,24
45.781649,-91.919072,2026-05-26 22:35:54.110643968,3,10556,174,55
45.740285,-91.769962,2026-05-26 22:35:54.110673920,3,14151,172,50
45.825068,-91.886279,2026-05-26 22:35:54.110691328,3,14200,113,35
43.624226,-115.562941,2026-05-26 22:35:55.580353792,3,11914,88,38
43.642645,-115.78123,2026-05-26 22:35:55.580357120,3,13321,176,35
27.861186,114.718888,2026-05-26 22:35:26.130884096,4,13073,251,22
25.80328,7.481265,2026-05-26 22:35:32.330036736,4,9259,269,33
23.071753,-81.746231,2026-05-26 22:35:00.232064256,7,6860,216,24
23.020859,-81.734036,2026-05-26 22:35:00.232054528,7,11102,246,12
22.769058,-88.69464,2026-05-26 22:35:04.884304384,7,9196,209,20
22.89417,-88.520551,2026-05-26 22:35:04.884377344,7,9656,261,9
29.999338,-82.829427,2026-05-26 22:35:12.566932224,7,13133,161,12
23.17488,-82.668451,2026-05-26 22:35:17.717372160,7,11418,214,17
28.841598,-99.052193,2026-05-26 22:35:22.705311488,7,12451,200,13
23.053775,-88.7082,2026-05-26 22:35:22.923538176,7,5728,251,34
23.150983,-88.692784,2026-05-26 22:35:22.923612672,7,7439,247,25
23.038389,-88.813072,2026-05-26 22:35:22.970329344,7,7156,253,18
29.277644,-82.509148,2026-05-26 22:35:31.180800512,7,4073,219,21
29.139849,-82.357968,2026-05-26 22:35:31.180777984,7,11503,178,11
21.085389,-77.539858,2026-05-26 22:35:40.941367808,7,6257,258,16
24.585702,-85.142976,2026-05-26 22:35:56.85102080,7,14098,202,15
29.042494,-82.462312,2026-05-26 22:35:59.704465664,7,8507,183,18
25.911038,7.512391,2026-05-26 22:35:32.330077184,5,12542,265,66
28.3213,114.042927,2026-05-26 22:35:16.420524288,9,10748,253,20
28.952885,114.158429,2026-05-26 22:35:17.747529472,9,13663,270,12
27.86203,114.793075,2026-05-26 22:35:26.130908416,9,6679,250,24
28.029789,114.920545,2026-05-26 22:35:44.760971264,9,9659,252,20
28.941791,114.254292,2026-05-26 22:36:00.733608448,9,12801,253,19
46.048249,-113.857871,2026-05-26 22:40:22.138936064,1,9869,135,38
37.170017,-85.228131,2026-05-26 22:40:24.257319168,1,6324,132,29
37.166185,-85.225907,2026-05-26 22:40:24.379169792,1,13849,132,27
46.779981,-112.704551,2026-05-26 22:40:26.415293696,1,10705,142,37
37.925904,-84.057907,2026-05-26 22:40:27.312342272,1,12854,75,21
37.959546,-84.05107,2026-05-26 22:40:27.365783296,1,12813,199,24
27.250769,-82.479895,2026-05-26 22:40:31.708347136,1,13008,250,24
43.909075,-92.121488,2026-05-26 22:40:33.21819904,1,13732,136,24
23.194127,-100.020926,2026-05-26 22:40:33.758153216,1,10857,205,35
23.329893,-99.857644,2026-05-26 22:40:33.758224384,1,13631,261,26
33.40814,-81.279649,2026-05-26 22:40:35.725829888,1,7289,160,29
45.322105,-90.190163,2026-05-26 22:40:36.472244224,1,10392,186,48
45.255712,-89.985764,2026-05-26 22:40:36.472301568,1,5032,129,27
31.611494,-82.120726,2026-05-26 22:40:37.900710144,1,5194,153,38
31.952764,-81.959601,2026-05-26 22:40:37.900843520,1,13160,257,24
53.275239,1.017668,2026-05-26 22:40:39.742580736,1,7775,214,91
53.284277,0.992455,2026-05-26 22:40:39.742580992,1,10281,155,73
53.285661,1.028401,2026-05-26 22:40:39.742585600,1,11989,143,55
53.277923,0.955417,2026-05-26 22:40:39.742663680,1,14161,248,32
53.259619,1.065609,2026-05-26 22:40:39.742669824,1,6950,260,18
30.619468,-98.729046,2026-05-26 22:40:40.166009600,1,14033,258,18
30.103913,-98.751404,2026-05-26 22:40:43.201972224,1,10999,144,33
30.146326,-98.628927,2026-05-26 22:40:43.202022912,1,14004,208,22
28.819214,-98.850053,2026-05-26 22:40:44.210040832,1,13555,199,22
52.273821,22.358572,2026-05-26 22:40:45.422892800,1,12733,218,42
52.251445,22.157355,2026-05-26 22:40:45.422951168,1,9940,245,31
28.998213,-100.97164,2026-05-26 22:40:46.635480832,1,10212,261,21
52.837788,1.691387,2026-05-26 22:40:47.813283328,1,12972,125,68
52.754062,1.812306,2026-05-26 22:40:47.813314048,1,10799,228,55
52.765688,1.793878,2026-05-26 22:40:47.813309184,1,6402,226,38
52.731357,1.811338,2026-05-26 22:40:48.107882240,1,6366,155,21
34.328202,-99.652677,2026-05-26 22:40:49.71886080,1,14747,228,25
27.846543,116.027791,2026-05-26 22:40:20.432222208,2,13884,265,25
28.976966,-100.704566,2026-05-26 22:40:00.472032768,3,6481,237,30
23.873169,-83.726967,2026-05-26 22:40:01.198743040,3,7817,245,35
30.439817,-98.641199,2026-05-26 22:40:01.964513536,3,14786,94,22
34.535261,-82.008067,2026-05-26 22:40:02.940429312,3,8961,186,23
36.915584,-102.885984,2026-05-26 22:40:03.49282816,3,12866,80,20
29.162496,-82.363989,2026-05-26 22:40:04.841219072,3,6346,185,62
29.247303,-82.375636,2026-05-26 22:40:04.841278464,3,8676,241,47
29.199498,-82.33498,2026-05-26 22:40:04.841271296,3,4598,216,34
29.16311,-82.35499,2026-05-26 22:40:04.960209152,3,7240,179,69
29.192676,-82.34128,2026-05-26 22:40:04.960259840,3,7673,241,48
29.19322,-82.344291,2026-05-26 22:40:04.960249344,3,9167,216,36
29.191198,-82.320715,2026-05-26 22:40:04.960259072,3,13528,215,17
28.712249,-100.903072,2026-05-26 22:40:05.68266496,3,13360,115,44
28.847019,-100.94561,2026-05-26 22:40:05.68319232,3,10841,205,29
33.386048,-94.808945,2026-05-26 22:40:05.90355456,3,7370,204,28
29.107442,-82.374428,2026-05-26 22:40:05.436437504,3,7803,200,25
29.107585,-82.374874,2026-05-26 22:40:05.509509376,3,7934,202,30
29.249954,-82.366164,2026-05-26 22:40:05.509563392,3,5779,242,20
33.248612,-94.820019,2026-05-26 22:40:05.666517504,3,9447,115,35
33.379962,-94.881241,2026-05-26 22:40:05.666565888,3,13307,235,23
27.202896,-82.215825,2026-05-26 22:40:07.172768768,3,11698,180,19
22.894105,-88.753161,2026-05-26 22:40:08.139502336,3,4245,189,22
29.106353,-99.05038,2026-05-26 22:40:08.283628800,3,6648,233,30
34.1155,-100.431912,2026-05-26 22:40:08.430504192,3,8187,211,31
33.111783,-83.673523,2026-05-26 22:40:08.626058752,3,9612,268,19
32.824026,-83.513016,2026-05-26 22:40:08.673166080,3,10145,220,22
34.080072,-101.059275,2026-05-26 22:40:08.865131776,3,14188,150,71
34.133047,-101.050322,2026-05-26 22:40:08.865167872,3,14322,109,58
22.596086,-87.945036,2026-05-26 22:40:09.94137088,3,3697,258,22
33.389231,-81.413951,2026-05-26 22:40:17.71055104,3,11977,136,32
33.435773,-81.408294,2026-05-26 22:40:17.71114496,3,5684,263,29
35.469064,-86.181668,2026-05-26 22:40:17.226767360,3,9902,260,31
31.555471,-82.915919,2026-05-26 22:40:17.320383232,3,7656,172,38
31.554032,-82.908184,2026-05-26 22:40:17.396058368,3,4451,171,29
31.554743,-82.911345,2026-05-26 22:40:17.501972480,3,6412,172,34
30.784539,-98.861162,2026-05-26 22:40:17.764400640,3,12821,189,20
30.802078,-98.831057,2026-05-26 22:40:17.829694464,3,11812,164,19
23.813018,-91.246312,2026-05-26 22:40:20.287497216,3,9595,186,65
23.931505,-91.225261,2026-05-26 22:40:20.287566848,3,5588,254,52
23.983944,-91.23574,2026-05-26 22:40:20.287587328,3,6643,263,30
23.801077,-91.29189,2026-05-26 22:40:20.460414720,3,6193,163,24
30.718463,-82.257208,2026-05-26 22:40:21.578967808,3,4704,149,33
30.794767,-82.251916,2026-05-26 22:40:21.579026944,3,9076,236,20
46.233087,-93.263043,2026-05-26 22:40:21.932037120,3,8822,150,23
49.152855,-114.132882,2026-05-26 22:40:22.26450432,3,12288,64,30
46.095212,-113.754105,2026-05-26 22:40:22.138902784,3,11831,69,56
46.057664,-113.77124,2026-05-26 22:40:22.138923520,3,13547,134,98
46.160564,-114.145527,2026-05-26 22:40:22.138866432,3,14285,266,80
46.164702,-113.799407,2026-05-26 22:40:22.156259072,3,13445,69,23
34.658611,-81.952494,2026-05-26 22:40:22.417017344,3,5124,226,31
33.215873,-94.768122,2026-05-26 22:40:29.717472000,3,14244,115,33
33.284935,-94.729781,2026-05-26 22:40:29.717502464,3,9506,235,20
49.405778,-115.746486,2026-05-26 22:40:31.348069632,3,14329,78,25
21.099587,-77.540205,2026-05-26 22:40:31.671234048,3,3173,260,38
27.436222,-82.282981,2026-05-26 22:40:31.708399104,3,4883,207,47
27.541266,-82.289531,2026-05-26 22:40:31.708465664,3,10402,214,38
27.537872,-82.29386,2026-05-26 22:40:31.809265152,3,2541,254,27
27.560548,-82.282009,2026-05-26 22:40:31.877211648,3,7346,254,21
43.824921,-92.206702,2026-05-26 22:40:33.21737728,3,10854,93,69
43.785931,-92.241805,2026-05-26 22:40:33.21765632,3,12739,101,57
43.826651,-92.278242,2026-05-26 22:40:33.21785600,3,7648,125,43
33.252287,-94.597333,2026-05-26 22:40:33.654024704,3,7113,150,43
33.33136,-94.479153,2026-05-26 22:40:33.654117376,3,6468,240,27
23.32418,-99.848674,2026-05-26 22:40:33.758217984,3,10034,237,83
32.784808,-83.513566,2026-05-26 22:40:41.634679296,3,12506,151,36
28.870158,-98.742872,2026-05-26 22:40:42.78457856,3,11372,195,28
21.409365,-86.854361,2026-05-26 22:40:42.252588800,3,3658,269,23
36.270335,-83.568043,2026-05-26 22:40:42.839614976,3,10476,116,21
30.089013,-98.605288,2026-05-26 22:40:43.201972480,3,13135,102,78
30.111589,-98.762024,2026-05-26 22:40:43.201979392,3,9937,139,66
30.156852,-98.675223,2026-05-26 22:40:43.202002688,3,9812,190,53
22.205899,-87.631487,2026-05-26 22:40:43.218294016,3,4862,196,17
36.764048,-101.405362,2026-05-26 22:40:43.504765440,3,11121,111,41
36.781776,-101.301514,2026-05-26 22:40:43.504796160,3,4250,187,28
45.682058,-111.330407,2026-05-26 22:40:43.779368704,3,14171,75,26
28.846736,-98.841774,2026-05-26 22:40:44.210048512,3,12393,199,47
31.22951,-98.922526,2026-05-26 22:40:45.272651008,3,14938,246,21
31.386581,-98.836804,2026-05-26 22:40:46.187002368,3,14823,209,43
31.375017,-98.811164,2026-05-26 22:40:46.186987008,3,14723,217,27
28.86233,-101.011873,2026-05-26 22:40:46.635438592,3,5763,234,51
28.838384,-101.007106,2026-05-26 22:40:46.635434496,3,5855,211,35
29.068206,-100.600301,2026-05-26 22:40:47.264016640,3,10162,243,47
29.089679,-100.597313,2026-05-26 22:40:47.264030208,3,10162,238,34
29.162301,-82.378864,2026-05-26 22:40:47.466484480,3,7125,162,26
34.258058,-99.634335,2026-05-26 22:40:49.71830016,3,10382,96,63
34.313628,-99.662771,2026-05-26 22:40:49.71885312,3,4433,194,50
34.2808,-99.65633,2026-05-26 22:40:49.71886592,3,5692,214,27
28.792408,-98.828469,2026-05-26 22:40:49.530225664,3,10947,123,26
35.192431,-99.260132,2026-05-26 22:40:50.457869312,3,6209,193,35
35.593228,-81.32058,2026-05-26 22:40:50.527947776,3,9372,113,18
36.53365,-102.936624,2026-05-26 22:40:50.617348864,3,7955,176,23
24.582246,-85.081171,2026-05-26 22:40:50.681348352,3,5926,218,41
24.62259,-85.081909,2026-05-26 22:40:50.745414144,3,7561,268,47
36.755383,-98.505987,2026-05-26 22:40:57.834903296,3,9974,183,29
31.57076,-82.902174,2026-05-26 22:40:58.115502848,3,7497,171,20
27.846543,116.027791,2026-05-26 22:40:20.432222208,4,13884,265,26
45.284382,-90.103348,2026-05-26 22:40:36.472266240,4,12986,161,23
23.89106,-83.758368,2026-05-26 22:40:01.198749696,7,7679,208,15
3.77479,-86.790868,2026-05-26 22:40:14.209067264,7,5373,185,21
23.656455,-91.208779,2026-05-26 22:40:20.287485696,7,5844,188,21
23.78743,-91.260576,2026-05-26 22:40:20.460408320,7,12906,163,12
29.125322,-82.408864,2026-05-26 22:40:22.874498048,7,4692,199,16
29.119279,-82.44329,2026-05-26 22:40:22.988834816,7,2786,222,21
22.452709,-80.275064,2026-05-26 22:40:25.139061504,7,3098,249,12
28.541431,-82.575974,2026-05-26 22:40:25.208653312,7,11199,192,17
28.577941,-82.446097,2026-05-26 22:40:25.352948736,7,10542,185,12
27.52215,-82.274968,2026-05-26 22:40:31.708461824,7,3812,215,20
27.553953,-82.267415,2026-05-26 22:40:31.708472064,7,10625,188,11
27.386138,-82.266331,2026-05-26 22:40:31.755476992,7,11291,241,11
23.181477,-100.013106,2026-05-26 22:40:33.758158080,7,9466,207,20
23.649763,-99.744902,2026-05-26 22:40:33.758345728,7,11501,264,16
28.780117,-101.01193,2026-05-26 22:40:46.635424256,7,11718,217,13
24.725355,-85.291611,2026-05-26 22:40:50.681409024,7,14430,219,14
24.544989,-85.083465,2026-05-26 22:40:50.745389056,7,7013,232,14
23.213292,-82.360328,2026-05-26 22:40:53.967691520,7,7798,214,15
23.212851,-82.335174,2026-05-26 22:40:54.240133632,7,10838,202,24
27.94535,115.134307,2026-05-26 22:40:21.861149952,9,12222,249,16
45.191317,-90.012311,2026-05-26 22:40:36.472295936,9,12346,149,14
28.754418,125.629586,2026-05-26 22:40:47.202348800,9,14916,183,16
46.387865,-95.356022,2026-05-26 23:45:11.538304512,1,14568,132,27
32.801068,-92.022879,2026-05-26 23:45:11.877733632,1,8502,180,31
29.44658,-99.970303,2026-05-26 23:45:19.142660096,1,11385,224,20
33.744978,-81.175621,2026-05-26 23:45:19.286655232,1,12613,149,20
28.651902,-100.96765,2026-05-26 23:45:40.954860032,1,12787,219,27
46.211108,11.169245,2026-05-26 23:45:44.360194304,1,12504,73,36
46.199435,11.159106,2026-05-26 23:45:44.360187904,1,11107,70,23
29.496877,-100.003102,2026-05-26 23:45:47.668302336,1,13590,213,28
30.79527,-98.350165,2026-05-26 23:45:56.690975744,1,14471,182,25
43.412908,-92.872465,2026-05-26 23:46:03.424549376,1,13256,125,25
31.490584,-86.127804,2026-05-26 23:46:11.994262784,1,8122,258,29
32.892106,-98.572016,2026-05-26 23:46:12.643301120,1,9954,164,28
48.141348,-105.039977,2026-05-26 23:46:13.423458048,1,10439,163,25
32.045792,-98.784318,2026-05-26 23:46:18.196838912,1,9141,172,33
29.237596,-99.695803,2026-05-26 23:46:22.401440256,1,13573,113,27
31.585604,-90.335903,2026-05-26 23:46:23.308932608,1,8693,221,29
29.077036,-100.341893,2026-05-26 23:46:24.12124672,1,13968,242,22
33.396826,-81.712919,2026-05-26 23:46:25.499829504,1,14927,144,22
33.611073,-81.663109,2026-05-26 23:46:25.794851072,1,11213,245,25
37.044813,-78.487343,2026-05-26 23:46:26.713534464,1,9870,78,21
31.90037,-82.32641,2026-05-26 23:46:44.296806656,1,13645,153,29
31.896974,-82.319078,2026-05-26 23:46:44.728189184,1,6507,156,22
46.210451,11.149206,2026-05-26 23:46:46.36706560,1,13102,54,31
31.808594,-104.307977,2026-05-26 23:46:49.859182080,1,10423,209,27
30.68303,-99.016778,2026-05-26 23:46:51.213349632,1,12112,205,27
29.376779,-100.247594,2026-05-26 23:46:53.957595392,1,10246,198,17
31.047791,130.737121,2026-05-26 23:45:17.423005184,2,6946,171,29
-39.136186,149.32965,2026-05-26 23:45:30.710841856,2,13394,188,20
30.141653,130.404144,2026-05-26 23:46:43.677674752,2,10225,175,23
29.463119,129.758116,2026-05-26 23:46:56.157953792,2,6119,177,19
29.419947,-100.245363,2026-05-26 23:45:08.981363200,3,11806,228,26
28.918912,-98.819536,2026-05-26 23:45:10.595407616,3,6953,231,38
28.877798,-98.820634,2026-05-26 23:45:10.595400192,3,11893,202,22
47.136393,-68.263802,2026-05-26 23:45:11.234780160,3,10958,151,19
46.29764,-95.205348,2026-05-26 23:45:11.538329088,3,13499,189,73
46.305976,-95.208823,2026-05-26 23:45:11.538333696,3,8593,175,76
46.414948,-95.263444,2026-05-26 23:45:11.538315264,3,7470,117,63
46.415108,-95.284403,2026-05-26 23:45:11.538315264,3,7342,247,47
46.365143,-95.165122,2026-05-26 23:45:11.538349056,3,12166,189,33
47.136748,-68.250882,2026-05-26 23:45:11.708562176,3,11301,73,17
32.727458,-92.060715,2026-05-26 23:45:11.877705984,3,12750,148,83
32.783383,-92.037648,2026-05-26 23:45:11.877729024,3,9873,168,65
32.758843,-92.040522,2026-05-26 23:45:11.968053248,3,11929,216,26
32.798469,-92.053034,2026-05-26 23:45:12.69244928,3,10124,215,27
48.816949,-115.423976,2026-05-26 23:45:14.537378048,3,9483,66,76
48.800746,-115.548195,2026-05-26 23:45:14.537401344,3,3673,229,74
48.827571,-115.606317,2026-05-26 23:45:14.537381376,3,5844,255,62
48.814082,-115.425755,2026-05-26 23:45:14.579362304,3,9130,66,33
48.703167,-115.422395,2026-05-26 23:45:14.579421440,3,11865,250,19
33.037275,-97.52071,2026-05-26 23:45:14.688910592,3,8298,205,23
44.506356,-87.776465,2026-05-26 23:45:15.146676480,3,9955,117,53
44.50057,-87.903834,2026-05-26 23:45:15.146702848,3,7245,140,36
44.495805,-87.911373,2026-05-26 23:45:15.146711296,3,9699,231,20
44.45102,-87.777094,2026-05-26 23:45:15.162770176,3,14206,188,22
44.481489,-87.80757,2026-05-26 23:45:15.162807552,3,9740,109,24
33.705966,-80.886795,2026-05-26 23:45:15.214905856,3,3523,139,54
33.700411,-80.908942,2026-05-26 23:45:15.214905856,3,5991,141,52
33.754494,-80.913989,2026-05-26 23:45:15.214964736,3,10632,226,34
33.766923,-80.885712,2026-05-26 23:45:15.214962176,3,8338,213,17
2.377604,-78.087,2026-05-26 23:45:16.527580160,3,4329,215,20
28.870762,-98.78791,2026-05-26 23:45:16.656085248,3,14686,198,23
28.940505,-98.802604,2026-05-26 23:45:16.836968192,3,5574,261,38
30.41072,-99.115621,2026-05-26 23:45:18.356382976,3,10108,224,31
30.407278,-99.114322,2026-05-26 23:45:18.356377088,3,10776,223,18
32.899439,-98.674159,2026-05-26 23:45:19.64437504,3,14203,149,33
32.986339,-98.650461,2026-05-26 23:45:19.64460544,3,14945,156,21
29.411457,-99.886551,2026-05-26 23:45:19.142632192,3,5416,206,45
29.500287,-99.972015,2026-05-26 23:45:19.142673920,3,9234,227,32
33.746141,-81.155339,2026-05-26 23:45:19.286647040,3,11668,121,66
33.735458,-81.196622,2026-05-26 23:45:19.286642176,3,9725,160,56
33.760899,-81.134982,2026-05-26 23:45:19.286661888,3,6829,264,45
37.936502,-83.704619,2026-05-26 23:45:20.852930560,3,4351,73,23
37.963727,-83.715692,2026-05-26 23:45:21.174823680,3,6563,68,14
37.978949,-83.716824,2026-05-26 23:45:21.274034688,3,9677,235,34
33.726595,-81.417758,2026-05-26 23:45:21.293912832,3,6046,231,24
37.957209,-83.717287,2026-05-26 23:45:21.319561472,3,4802,72,16
37.961156,-83.72081,2026-05-26 23:45:21.408059392,3,8969,139,17
37.949858,-83.705971,2026-05-26 23:45:21.575127040,3,4967,94,60
37.996128,-83.703402,2026-05-26 23:45:21.575141120,3,10282,212,57
37.987376,-83.705824,2026-05-26 23:45:21.575142144,3,10628,122,40
37.962611,-83.712626,2026-05-26 23:45:21.655975680,3,6038,68,19
31.18701,-98.734877,2026-05-26 23:45:23.562176,3,9579,211,42
31.228305,-98.745263,2026-05-26 23:45:23.572928,3,8976,218,28
30.720313,-98.48808,2026-05-26 23:45:24.705220096,3,12874,180,38
29.444591,-100.235018,2026-05-26 23:45:24.780154112,3,11292,227,32
33.472139,-94.521009,2026-05-26 23:45:24.824398336,3,5907,221,38
33.455435,-94.514822,2026-05-26 23:45:24.824425216,3,9511,202,27
28.765037,-100.619805,2026-05-26 23:45:26.155858176,3,4448,233,44
49.198412,-115.232345,2026-05-26 23:45:26.564187392,3,14088,72,63
49.145855,-115.324352,2026-05-26 23:45:26.564224000,3,6981,231,58
48.858334,-115.528829,2026-05-26 23:45:27.546130176,3,8005,130,33
48.748569,-115.488827,2026-05-26 23:45:27.546184704,3,10475,238,30
30.020316,-99.201973,2026-05-26 23:45:27.605181952,3,6722,221,44
45.209958,-90.226162,2026-05-26 23:45:27.935897856,3,5996,125,61
45.18468,-90.27134,2026-05-26 23:45:27.935922944,3,14207,140,54
29.161914,-100.245265,2026-05-26 23:45:35.95546368,3,12655,106,20
29.180906,-100.275184,2026-05-26 23:45:35.95588352,3,12476,202,45
29.202611,-100.280306,2026-05-26 23:45:35.95602688,3,6240,235,26
29.449923,-100.24568,2026-05-26 23:45:35.821007104,3,6785,227,33
29.49036,-100.24676,2026-05-26 23:45:35.821022720,3,8874,234,22
48.854853,-115.409094,2026-05-26 23:45:35.868225024,3,11978,104,29
47.33149,-96.869971,2026-05-26 23:45:37.426144768,3,7585,137,27
44.285761,-90.394931,2026-05-26 23:45:38.912325376,3,9738,158,30
30.232987,-99.041841,2026-05-26 23:45:39.213020672,3,10930,185,30
29.165112,-100.290658,2026-05-26 23:45:39.665863936,3,5376,211,58
29.253265,-100.307812,2026-05-26 23:45:39.665928448,3,5822,228,46
28.602441,-100.970317,2026-05-26 23:45:40.954804992,3,7697,221,72
28.800814,-100.891904,2026-05-26 23:45:40.954915840,3,9304,263,66
28.63396,-100.981516,2026-05-26 23:45:40.954852096,3,4129,212,53
28.684266,-100.958137,2026-05-26 23:45:41.42167040,3,8973,235,22
28.952121,-98.782644,2026-05-26 23:45:41.508631040,3,14431,231,26
29.275616,-100.258899,2026-05-26 23:45:42.195761920,3,12810,195,33
32.845455,-98.621578,2026-05-26 23:45:42.650300928,3,9337,188,22
32.75967,-98.599256,2026-05-26 23:45:42.665621504,3,10335,158,27
34.140373,-99.519522,2026-05-26 23:45:43.979560192,3,7946,132,70
30.862652,-89.284437,2026-05-26 23:45:44.100157696,3,12279,150,29
30.775173,-89.309996,2026-05-26 23:45:44.232334592,3,9162,138,38
30.850428,-89.319506,2026-05-26 23:45:44.232395776,3,5924,181,28
21.779974,-87.20153,2026-05-26 23:45:46.853870080,3,8448,264,30
29.497148,-99.972762,2026-05-26 23:45:47.668259072,3,8003,204,95
29.554083,-99.992739,2026-05-26 23:45:47.668279296,3,6365,241,84
29.696099,-99.84982,2026-05-26 23:45:47.668347392,3,12871,227,71
29.614336,-99.990099,2026-05-26 23:45:47.668334080,3,9516,239,58
29.368347,-100.226338,2026-05-26 23:45:47.858802432,3,8444,197,32
33.685144,-81.394422,2026-05-26 23:45:48.896412672,3,5621,101,21
30.328127,-99.112698,2026-05-26 23:45:51.393573120,3,13637,183,55
30.417975,-99.132665,2026-05-26 23:45:51.393635072,3,9483,231,55
30.510206,-99.060066,2026-05-26 23:45:51.393677056,3,5400,256,42
30.297296,-99.205018,2026-05-26 23:45:51.393600768,3,6675,253,29
30.313537,-99.052463,2026-05-26 23:45:51.429713664,3,12011,103,50
30.30462,-99.14268,2026-05-26 23:45:51.463302656,3,13646,214,74
30.319945,-99.207511,2026-05-26 23:45:51.463331328,3,9472,221,61
35.774554,-99.879892,2026-05-26 23:45:51.668130816,3,9849,145,74
35.847107,-99.847565,2026-05-26 23:45:51.668163584,3,6671,163,63
35.735575,-99.887956,2026-05-26 23:45:51.668185088,3,11079,97,46
32.314975,-82.140868,2026-05-26 23:45:58.967640576,3,10142,127,50
32.378393,-82.138254,2026-05-26 23:45:58.967701760,3,7534,220,28
32.358885,-82.144444,2026-05-26 23:45:58.967691520,3,10353,269,13
29.312368,-99.902386,2026-05-26 23:45:59.562792960,3,4862,208,24
29.52491,-99.92844,2026-05-26 23:45:59.562861312,3,10661,199,56
29.516927,-99.918284,2026-05-26 23:45:59.562868480,3,13698,205,39
32.127678,-104.209893,2026-05-26 23:46:01.13869056,3,14755,110,41
32.193548,-104.170067,2026-05-26 23:46:01.13902848,3,14855,220,32
29.876828,-99.107754,2026-05-26 23:46:01.495667968,3,11058,200,27
32.350374,-104.217408,2026-05-26 23:46:01.599877376,3,10264,170,18
43.481166,-92.892722,2026-05-26 23:46:03.376894720,3,11451,94,85
43.459431,-92.86382,2026-05-26 23:46:03.376915200,3,12499,114,68
43.32881,-92.844617,2026-05-26 23:46:03.376964096,3,13367,181,54
43.4481,-92.921934,2026-05-26 23:46:03.376942848,3,5824,153,41
43.420294,-92.869116,2026-05-26 23:46:03.376959744,3,12239,113,30
43.480623,-92.880302,2026-05-26 23:46:03.424504320,3,10918,85,19
43.454629,-92.85824,2026-05-26 23:46:03.424512000,3,11755,114,67
43.444385,-92.97902,2026-05-26 23:46:03.424528384,3,7595,127,51
43.425691,-92.994087,2026-05-26 23:46:03.424528384,3,7802,219,34
30.482453,-98.733043,2026-05-26 23:46:03.631323392,3,14192,101,54
30.530068,-98.783958,2026-05-26 23:46:03.631339776,3,14482,198,46
48.815399,-115.441264,2026-05-26 23:46:04.388178688,3,9462,66,47
48.73755,-115.4747,2026-05-26 23:46:04.388238592,3,6848,248,31
48.906857,-115.712144,2026-05-26 23:46:04.439427072,3,14982,139,28
28.863749,-100.415894,2026-05-26 23:46:05.5783808,3,8339,252,36
37.291522,-84.788568,2026-05-26 23:46:05.325598208,3,13508,140,35
35.28764,-106.134277,2026-05-26 23:46:05.562913280,3,8585,115,29
31.900111,-82.936469,2026-05-26 23:46:06.777369088,3,9000,178,45
31.957668,-82.886241,2026-05-26 23:46:06.777436928,3,4683,229,27
46.672661,-71.040806,2026-05-26 23:46:07.429855744,3,7214,99,24
35.571956,-78.018716,2026-05-26 23:46:09.650302976,3,8028,157,30
31.821111,-104.328133,2026-05-26 23:46:10.257651712,3,10362,222,38
31.817961,-104.334259,2026-05-26 23:46:10.257647104,3,11768,223,23
31.230259,-86.183051,2026-05-26 23:46:11.994167040,3,3795,212,77
31.311609,-86.200671,2026-05-26 23:46:11.994201088,3,3458,223,62
31.323897,-86.25126,2026-05-26 23:46:11.994227712,3,12727,194,49
31.270344,-86.182468,2026-05-26 23:46:11.994220800,3,4697,158,35
31.308696,-86.151809,2026-05-26 23:46:11.994244608,3,12061,209,23
34.735716,-93.092244,2026-05-26 23:46:12.351962112,3,7548,129,15
32.878272,-98.564588,2026-05-26 23:46:12.643232768,3,12751,157,33
32.827087,-98.481603,2026-05-26 23:46:12.643267328,3,9400,120,63
32.907957,-98.609704,2026-05-26 23:46:12.643281920,3,14046,176,47
44.308558,-90.374634,2026-05-26 23:46:13.46658560,3,14952,120,36
48.14192,-105.001887,2026-05-26 23:46:13.423439872,3,9498,134,65
48.135155,-105.021373,2026-05-26 23:46:13.423470080,3,8956,171,43
45.304308,-89.530314,2026-05-26 23:46:13.537967360,3,3257,113,38
45.384225,-90.107282,2026-05-26 23:46:13.537864192,3,11595,269,26
29.412362,-99.884627,2026-05-26 23:46:14.629155840,3,11528,193,36
31.300992,-98.243918,2026-05-26 23:46:14.964115456,3,12654,217,28
22.509,-87.625777,2026-05-26 23:46:14.992323584,3,8692,210,50
31.722699,-98.370287,2026-05-26 23:46:18.88049664,3,14219,151,32
31.710026,-98.445087,2026-05-26 23:46:18.88069120,3,8672,208,37
31.907748,-98.812373,2026-05-26 23:46:18.196790528,3,7428,151,13
31.981746,-98.821855,2026-05-26 23:46:18.196815104,3,7957,243,75
32.124916,-98.663811,2026-05-26 23:46:18.196880128,3,11269,238,63
49.238178,-115.082243,2026-05-26 23:46:20.45260288,3,8628,82,28
33.74713,-80.941375,2026-05-26 23:46:20.912653568,3,9135,153,20
30.789687,-98.431366,2026-05-26 23:46:20.949611776,3,8247,228,27
32.03968,-99.312844,2026-05-26 23:46:22.231737344,3,7861,241,27
29.360743,-99.632184,2026-05-26 23:46:22.235045888,3,5562,257,26
29.363288,-99.624668,2026-05-26 23:46:22.235043840,3,6842,235,27
29.235903,-99.608068,2026-05-26 23:46:22.401404416,3,9776,209,72
29.321192,-99.639487,2026-05-26 23:46:22.401469184,3,8800,230,60
29.333737,-99.616902,2026-05-26 23:46:22.401470720,3,6152,235,47
29.459934,-99.592721,2026-05-26 23:46:22.401514752,3,4844,260,31
31.5763,-90.181985,2026-05-26 23:46:23.308909824,3,6593,209,58
31.730801,-90.182434,2026-05-26 23:46:23.309000704,3,8134,246,47
31.75762,-90.206975,2026-05-26 23:46:23.309001472,3,5173,250,35
31.836928,-90.119828,2026-05-26 23:46:23.309040640,3,13495,252,22
29.119786,-100.30932,2026-05-26 23:46:24.12130560,3,8325,242,52
29.233911,-100.188184,2026-05-26 23:46:24.12187392,3,6123,258,37
29.056675,-100.31031,2026-05-26 23:46:24.574135040,3,7617,197,27
33.544333,-99.085991,2026-05-26 23:46:25.162445312,3,14770,160,22
33.629442,-99.01797,2026-05-26 23:46:25.162478848,3,5027,236,25
33.432745,-81.737447,2026-05-26 23:46:25.499835392,3,6214,232,56
33.466392,-81.748422,2026-05-26 23:46:25.499849472,3,9309,213,43
33.473495,-81.733462,2026-05-26 23:46:25.499887616,3,7477,268,29
33.39721,-81.729719,2026-05-26 23:46:25.620477440,3,7295,108,18
33.437785,-81.747685,2026-05-26 23:46:25.794784768,3,4360,232,71
33.47308,-81.743775,2026-05-26 23:46:25.794792960,3,7980,269,67
33.600371,-81.666136,2026-05-26 23:46:25.794850816,3,7403,256,57
33.506074,-81.728323,2026-05-26 23:46:25.794808832,3,9875,167,44
33.405457,-81.736774,2026-05-26 23:46:25.883381760,3,5368,209,22
37.143975,-78.343225,2026-05-26 23:46:26.238806016,3,9773,204,52
37.173831,-78.345226,2026-05-26 23:46:26.238813440,3,14129,199,40
37.159029,-78.303425,2026-05-26 23:46:26.238846208,3,8509,104,28
37.05501,-78.497194,2026-05-26 23:46:26.713531136,3,5732,152,16
37.064628,-78.51229,2026-05-26 23:46:26.713540864,3,4351,200,39
37.130667,-78.501955,2026-05-26 23:46:26.713560832,3,8830,180,25
46.945435,-68.241308,2026-05-26 23:46:30.587179008,3,13978,193,21
29.103195,-100.431953,2026-05-26 23:46:31.91530752,3,12777,197,31
33.638677,-81.15325,2026-05-26 23:46:31.293903872,3,11835,201,18
45.153595,-111.887628,2026-05-26 23:46:31.424335872,3,10485,83,60
45.056582,-111.876027,2026-05-26 23:46:31.424373760,3,8391,140,78
46.659893,-93.411593,2026-05-26 23:46:39.901152000,3,14451,126,43
46.693559,-93.382797,2026-05-26 23:46:39.901199360,3,13953,119,30
30.334916,-99.184052,2026-05-26 23:46:39.985676288,3,12910,224,24
46.663191,-93.367784,2026-05-26 23:46:40.67463936,3,14500,126,29
31.892191,-82.889609,2026-05-26 23:46:40.210809856,3,6607,143,23
31.876213,-82.876153,2026-05-26 23:46:40.255738112,3,8394,143,22
31.884215,-82.930503,2026-05-26 23:46:40.306193920,3,11571,248,23
29.421715,-99.596649,2026-05-26 23:46:40.526472960,3,11856,112,50
29.597898,-99.656369,2026-05-26 23:46:40.526535424,3,7001,229,41
44.908809,-89.564236,2026-05-26 23:46:41.267499520,3,5486,164,31
44.87439,-89.469105,2026-05-26 23:46:41.267530752,3,9284,137,18
29.118693,-100.315621,2026-05-26 23:46:41.452748288,3,7226,236,20
37.966681,-83.653242,2026-05-26 23:46:42.23148032,3,10735,56,27
29.363399,-100.210267,2026-05-26 23:46:43.757256960,3,9243,228,25
23.277828,-83.54956,2026-05-26 23:46:43.870993664,3,4123,249,34
31.901487,-82.317555,2026-05-26 23:46:44.285549312,3,5739,154,22
31.896228,-82.300787,2026-05-26 23:46:44.296808704,3,5394,135,14
31.888832,-82.330824,2026-05-26 23:46:44.296809984,3,3826,168,62
31.946945,-82.308294,2026-05-26 23:46:44.296828416,3,7429,223,45
32.131773,-82.195519,2026-05-26 23:46:44.296910080,3,8784,243,32
31.883896,-82.328468,2026-05-26 23:46:44.340072192,3,6329,159,29
32.140453,-82.258546,2026-05-26 23:46:44.340158720,3,13332,260,16
34.77956,-99.953422,2026-05-26 23:46:44.400165376,3,6975,190,27
31.890138,-82.312422,2026-05-26 23:46:44.622059264,3,8145,142,23
31.890616,-82.313057,2026-05-26 23:46:44.728191744,3,4639,135,41
31.995375,-82.300319,2026-05-26 23:46:44.728267008,3,8792,160,26
35.931435,-98.52119,2026-05-26 23:46:45.551770368,3,12598,105,31
35.892897,-98.462162,2026-05-26 23:46:45.551792640,3,14164,93,24
40.298591,-110.013577,2026-05-26 23:46:47.403382784,3,10297,68,22
33.100418,-98.606101,2026-05-26 23:46:49.648629504,3,14187,233,35
32.930327,-98.582635,2026-05-26 23:46:49.648618752,3,11264,205,25
31.668014,-104.362706,2026-05-26 23:46:49.794631168,3,10464,185,24
31.579104,-104.33919,2026-05-26 23:46:49.859107840,3,7383,175,72
31.788942,-104.31525,2026-05-26 23:46:49.859175168,3,4522,224,59
31.753638,-104.321733,2026-05-26 23:46:49.859173632,3,7548,232,43
44.796119,-98.88003,2026-05-26 23:46:49.924535296,3,12437,106,48
44.778391,-98.956681,2026-05-26 23:46:49.924578816,3,9768,110,37
44.723456,-98.927128,2026-05-26 23:46:49.924592384,3,7494,176,22
30.047492,-99.158255,2026-05-26 23:46:50.385293824,3,6859,218,29
32.141411,-82.354366,2026-05-26 23:46:50.884576256,3,8940,133,40
30.492764,-99.057233,2026-05-26 23:46:51.213266688,3,14277,91,56
42.973117,-115.036229,2026-05-26 23:46:51.327211776,3,11822,94,26
30.620483,-97.990869,2026-05-26 23:46:51.612513792,3,9768,119,30
28.946212,-98.675611,2026-05-26 23:46:52.133619456,3,9259,198,42
29.25337,-100.168319,2026-05-26 23:46:53.957550592,3,4729,105,55
30.870789,-98.375332,2026-05-26 23:46:54.961243392,3,6279,211,34
30.395101,-98.258646,2026-05-26 23:46:54.997137152,3,12325,92,29
27.803294,109.927657,2026-05-26 23:45:13.575322112,4,13719,235,39
31.047791,130.737121,2026-05-26 23:45:17.423005184,4,6946,171,29
43.430118,-93.017845,2026-05-26 23:46:03.376922112,4,14939,111,20
30.141707,130.404204,2026-05-26 23:46:43.677675008,4,10225,175,25
29.463156,129.758158,2026-05-26 23:46:56.157953792,4,6119,177,21
29.214018,-99.764784,2026-05-26 23:45:05.577411584,7,5375,237,29
29.2392,-99.667411,2026-05-26 23:45:05.577446656,7,13030,211,21
28.901284,-82.662451,2026-05-26 23:45:06.126728704,7,5847,171,13
28.807259,-98.928366,2026-05-26 23:45:16.836913920,7,8520,184,14
29.528397,-99.977973,2026-05-26 23:45:19.142688256,7,9885,241,14
22.618147,-87.96395,2026-05-26 23:45:19.435631616,7,12206,208,13
29.737718,-99.635417,2026-05-26 23:45:28.18972160,7,13904,208,27
29.033749,-100.369504,2026-05-26 23:45:30.723241984,7,14006,217,16
22.029615,-85.857634,2026-05-26 23:45:33.717157888,7,10697,155,18
29.151456,-100.383571,2026-05-26 23:45:35.95563264,7,6493,151,17
29.173687,-100.397749,2026-05-26 23:45:39.665893632,7,9787,151,20
28.527232,-101.139376,2026-05-26 23:45:40.954808320,7,12968,161,24
28.573244,-100.996085,2026-05-26 23:45:40.954846208,7,7969,236,13
21.628323,-87.20131,2026-05-26 23:45:46.853834240,7,12604,209,13
29.616999,-99.977812,2026-05-26 23:45:47.668302336,7,8953,210,34
29.466558,-100.041898,2026-05-26 23:45:47.668289536,7,8840,211,25
28.244099,-82.725917,2026-05-26 23:45:55.475617792,7,7871,178,25
28.330017,-82.698588,2026-05-26 23:45:55.475678464,7,5930,209,16
29.388668,-100.034845,2026-05-26 23:45:59.562801920,7,11803,146,22
29.028348,-100.447817,2026-05-26 23:46:05.5840640,7,3522,163,25
29.039879,-100.3901,2026-05-26 23:46:05.5855488,7,9756,231,14
22.751081,-87.64637,2026-05-26 23:46:14.992437760,7,11146,256,15
29.215592,-99.641497,2026-05-26 23:46:22.401437184,7,14598,130,23
29.139688,-100.331105,2026-05-26 23:46:24.12140288,7,10090,244,17
29.47126,-99.808536,2026-05-26 23:46:40.526470912,7,13666,144,15
14.773178,-89.106138,2026-05-26 23:46:42.77092864,7,10162,270,10
23.081038,-83.379087,2026-05-26 23:46:43.870935808,7,5596,227,17
28.86274,-98.799398,2026-05-26 23:46:52.133572864,7,9707,133,15
29.300472,-100.381259,2026-05-26 23:46:53.957543936,7,6983,200,21
7.004385,-10.013603,2026-05-26 23:46:55.379884800,5,10119,247,20
29.860157,-99.512888,2026-05-26 23:45:05.577611776,9,14517,253,14
31.069595,130.725685,2026-05-26 23:45:17.423003136,9,3439,173,28
31.019364,130.656001,2026-05-26 23:45:17.423016960,9,4555,182,16
31.058195,130.917836,2026-05-26 23:46:11.874908928,9,7853,170,27
31.073393,130.83168,2026-05-26 23:46:11.874936576,9,6461,173,15
30.192164,130.429076,2026-05-26 23:46:43.561036800,9,7775,175,30
29.967826,130.641049,2026-05-26 23:46:43.561038080,9,6097,178,19
29.464353,129.759512,2026-05-26 23:46:56.157954304,9,4626,177,18
44.099657,-90.302622,2026-05-26 23:46:58.606781696,9,13304,158,13
28.10138,116.188468,2026-05-26 23:46:58.969313536,9,14745,260,14
